8.0798 Head 0 1.6 7.412091 4.725028 353.0999 0 0.04114725 -0.06012773 0.002480692 0.9973392
8.0798 FirstCar -7.224189 0.025 2.97 0 90 0 0 0.7071068 0 0.7071068 0.1343475 2
8.0798 SecondCar 6.71 0.025 -7.660199 0 0 0 0 0 0 1 0.1343475 2
8.0813 Head 0 1.6 7.413856 4.725028 353.0999 0 0.04114725 -0.06012773 0.002480692 0.9973392
8.0813 FirstCar -7.224002 0.025 2.97 0 90 0 0 0.7071068 0 0.7071068 0.1309211 2
8.0813 SecondCar 6.71 0.025 -7.660012 0 0 0 0 0 0 1 0.1309211 2
8.0829 Head 0 1.6 7.415726 4.725028 353.0999 0 0.04114725 -0.06012773 0.002480692 0.9973392
8.0829 FirstCar -7.22379 0.025 2.97 0 90 0 0 0.7071068 0 0.7071068 0.1269016 2
8.0829 SecondCar 6.71 0.025 -7.659799 0 0 0 0 0 0 1 0.1269016 2
8.0844 Head 0 1.6 7.41792 4.725028 353.0999 0 0.04114725 -0.06012773 0.002480692 0.9973392
8.0844 FirstCar -7.223612 0.025 2.97 0 90 0 0 0.7071068 0 0.7071068 0.1234578 2
8.0844 SecondCar 6.71 0.025 -7.659622 0 0 0 0 0 0 1 0.1234578 2
8.0863 Head 0 1.6 7.4198 4.725028 353.0999 0 0.04114725 -0.06012773 0.002480692 0.9973392
8.0863 FirstCar -7.223382 0.025 2.97 0 90 0 0 0.7071068 0 0.7071068 0.1187939 2
8.0863 SecondCar 6.71 0.025 -7.659391 0 0 0 0 0 0 1 0.1187939 2
8.0879 Head 0 1.6 7.422346 4.725028 353.0999 0 0.04114725 -0.06012773 0.002480692 0.9973392
8.0879 FirstCar -7.223203 0.025 2.97 0 90 0 0 0.7071068 0 0.7071068 0.1150679 2
8.0879 SecondCar 6.71 0.025 -7.659212 0 0 0 0 0 0 1 0.1150679 2
8.0893 Head 0 1.6 7.424379 4.725028 353.0999 0 0.04114725 -0.06012773 0.002480692 0.9973392
8.0893 FirstCar -7.22304 0.025 2.97 0 90 0 0 0.7071068 0 0.7071068 0.1115682 2
8.0893 SecondCar 6.71 0.025 -7.65905 0 0 0 0 0 0 1 0.1115682 2
8.0907 Head 0 1.6 7.42629 4.725028 353.0999 0 0.04114725 -0.06012773 0.002480692 0.9973392
8.0907 FirstCar -7.222888 0.025 2.97 0 90 0 0 0.7071068 0 0.7071068 0.1081782 2
8.0907 SecondCar 6.71 0.025 -7.658897 0 0 0 0 0 0 1 0.1081782 2
8.0922 Head 0 1.6 7.42814 4.725028 353.0999 0 0.04114725 -0.06012773 0.002480692 0.9973392
8.0922 FirstCar -7.222736 0.025 2.97 0 90 0 0 0.7071068 0 0.7071068 0.1047107 2
8.0922 SecondCar 6.71 0.025 -7.658746 0 0 0 0 0 0 1 0.1047107 2
8.0936 Head 0 1.6 7.430033 4.725028 353.0999 0 0.04114725 -0.06012773 0.002480692 0.9973392
8.0936 FirstCar -7.222596 0.025 2.97 0 90 0 0 0.7071068 0 0.7071068 0.1013884 2
8.0936 SecondCar 6.71 0.025 -7.658606 0 0 0 0 0 0 1 0.1013884 2
8.0950 Head 0 1.6 7.431846 4.725028 353.0999 0 0.04114725 -0.06012773 0.002480692 0.9973392
8.0950 FirstCar -7.222456 0.025 2.97 0 90 0 0 0.7071068 0 0.7071068 0.09794195 2
8.0950 SecondCar 6.71 0.025 -7.658465 0 0 0 0 0 0 1 0.09794195 2
8.0967 Head 0 1.6 7.433727 4.725028 353.0999 0 0.04114725 -0.06012773 0.002480692 0.9973392
8.0967 FirstCar -7.222298 0.025 2.97 0 90 0 0 0.7071068 0 0.7071068 0.09391187 2
8.0967 SecondCar 6.71 0.025 -7.658307 0 0 0 0 0 0 1 0.09391187 2
8.0982 Head 0 1.6 7.435927 4.725028 353.0999 0 0.04114725 -0.06012773 0.002480692 0.9973392
8.0982 FirstCar -7.222159 0.025 2.97 0 90 0 0 0.7071068 0 0.7071068 0.09021467 2
8.0982 SecondCar 6.71 0.025 -7.658168 0 0 0 0 0 0 1 0.09021467 2
8.0996 Head 0 1.6 7.437945 4.725028 353.0999 0 0.04114725 -0.06012773 0.002480692 0.9973392
8.0996 FirstCar -7.222035 0.025 2.97 0 90 0 0 0.7071068 0 0.7071068 0.08678891 2
8.0996 SecondCar 6.71 0.025 -7.658044 0 0 0 0 0 0 1 0.08678891 2
8.1012 Head 0 1.6 7.439815 4.725028 353.0999 0 0.04114725 -0.06012773 0.002480692 0.9973392
8.1012 FirstCar -7.221908 0.025 2.97 0 90 0 0 0.7071068 0 0.7071068 0.08312627 2
8.1012 SecondCar 6.71 0.025 -7.657917 0 0 0 0 0 0 1 0.08312627 2
8.1028 Head 0 1.6 7.441814 4.725028 353.0999 0 0.04114725 -0.06012773 0.002480692 0.9973392
8.1028 FirstCar -7.221782 0.025 2.97 0 90 0 0 0.7071068 0 0.7071068 0.07930187 2
8.1028 SecondCar 6.71 0.025 -7.657791 0 0 0 0 0 0 1 0.07930187 2
8.1046 Head 0 1.6 7.443902 4.725028 353.0999 0 0.04114725 -0.06012773 0.002480692 0.9973392
8.1046 FirstCar -7.221647 0.025 2.97 0 90 0 0 0.7071068 0 0.7071068 0.07499819 2
8.1046 SecondCar 6.71 0.025 -7.657657 0 0 0 0 0 0 1 0.07499819 2
8.1061 Head 0 1.6 7.44625 4.725028 353.0999 0 0.04114725 -0.06012773 0.002480692 0.9973392
8.1061 FirstCar -7.221539 0.025 2.97 0 90 0 0 0.7071068 0 0.7071068 0.07137899 2
8.1061 SecondCar 6.71 0.025 -7.657549 0 0 0 0 0 0 1 0.07137899 2
8.1074 Head 0 1.6 7.448226 4.725028 353.0999 0 0.04114725 -0.06012773 0.002480692 0.9973392
8.1074 FirstCar -7.221447 0.025 2.97 0 90 0 0 0.7071068 0 0.7071068 0.06810611 2
8.1074 SecondCar 6.71 0.025 -7.657456 0 0 0 0 0 0 1 0.06810611 2
8.1090 Head 0 1.6 7.450012 4.725028 353.0999 0 0.04114725 -0.06012773 0.002480692 0.9973392
8.1090 FirstCar -7.221344 0.025 2.97 0 90 0 0 0.7071068 0 0.7071068 0.06430643 2
8.1090 SecondCar 6.71 0.025 -7.657354 0 0 0 0 0 0 1 0.06430643 2
8.1105 Head 0 1.6 7.452086 4.725028 353.0999 0 0.04114725 -0.06012773 0.002480692 0.9973392
8.1105 FirstCar -7.221257 0.025 2.97 0 90 0 0 0.7071068 0 0.7071068 0.06083963 2
8.1105 SecondCar 6.71 0.025 -7.657266 0 0 0 0 0 0 1 0.06083963 2
8.1119 Head 0 1.6 7.453978 4.725028 353.0999 0 0.04114725 -0.06012773 0.002480692 0.9973392
8.1119 FirstCar -7.221173 0.025 2.97 0 90 0 0 0.7071068 0 0.7071068 0.05732339 2
8.1119 SecondCar 6.71 0.025 -7.657182 0 0 0 0 0 0 1 0.05732339 2
8.1133 Head 0 1.6 7.455897 4.725028 353.0999 0 0.04114725 -0.06012773 0.002480692 0.9973392
8.1133 FirstCar -7.221097 0.025 2.97 0 90 0 0 0.7071068 0 0.7071068 0.05394755 2
8.1133 SecondCar 6.71 0.025 -7.657106 0 0 0 0 0 0 1 0.05394755 2
8.1148 Head 0 1.6 7.45774 4.725028 353.0999 0 0.04114725 -0.06012773 0.002480692 0.9973392
8.1148 FirstCar -7.221024 0.025 2.97 0 90 0 0 0.7071068 0 0.7071068 0.05049035 2
8.1148 SecondCar 6.71 0.025 -7.657033 0 0 0 0 0 0 1 0.05049035 2
8.1163 Head 0 1.6 7.459627 4.725028 353.0999 0 0.04114725 -0.06012773 0.002480692 0.9973392
8.1163 FirstCar -7.220953 0.025 2.97 0 90 0 0 0.7071068 0 0.7071068 0.04683155 2
8.1163 SecondCar 6.71 0.025 -7.656962 0 0 0 0 0 0 1 0.04683155 2
8.1181 Head 0 1.6 7.461624 4.725028 353.0999 0 0.04114725 -0.06012773 0.002480692 0.9973392
8.1181 FirstCar -7.220874 0.025 2.97 0 90 0 0 0.7071068 0 0.7071068 0.04240355 2
8.1181 SecondCar 6.71 0.025 -7.656884 0 0 0 0 0 0 1 0.04240355 2
8.1197 Head 0 1.6 7.464041 4.725028 353.0999 0 0.04114725 -0.06012773 0.002480692 0.9973392
8.1197 FirstCar -7.220815 0.025 2.97 0 90 0 0 0.7071068 0 0.7071068 0.03873731 2
8.1197 SecondCar 6.71 0.025 -7.656825 0 0 0 0 0 0 1 0.03873731 2
8.1211 Head 0 1.6 7.466042 4.725028 353.0999 0 0.04114725 -0.06012773 0.002480692 0.9973392
8.1211 FirstCar -7.220764 0.025 2.97 0 90 0 0 0.7071068 0 0.7071068 0.03527579 2
8.1211 SecondCar 6.71 0.025 -7.656774 0 0 0 0 0 0 1 0.03527579 2
8.1230 Head 0 1.6 7.467931 4.725028 353.0999 0 0.04114725 -0.06012773 0.002480692 0.9973392
8.1230 FirstCar -7.220707 0.025 2.97 0 90 0 0 0.7071068 0 0.7071068 0.03085835 2
8.1230 SecondCar 6.71 0.025 -7.656717 0 0 0 0 0 0 1 0.03085835 2
8.1246 Head 0 1.6 7.470343 4.725028 353.0999 0 0.04114725 -0.06012773 0.002480692 0.9973392
8.1246 FirstCar -7.220663 0.025 2.97 0 90 0 0 0.7071068 0 0.7071068 0.02688587 2
8.1246 SecondCar 6.71 0.025 -7.656672 0 0 0 0 0 0 1 0.02688587 2
8.1260 Head 0 1.6 7.472511 4.725028 353.0999 0 0.04114725 -0.06012773 0.002480692 0.9973392
8.1260 FirstCar -7.22063 0.025 2.97 0 90 0 0 0.7071068 0 0.7071068 0.02353859 2
8.1260 SecondCar 6.71 0.025 -7.65664 0 0 0 0 0 0 1 0.02353859 2
8.1275 Head 0 1.6 7.474338 4.725028 353.0999 0 0.04114725 -0.06012773 0.002480692 0.9973392
8.1275 FirstCar -7.220601 0.025 2.97 0 90 0 0 0.7071068 0 0.7071068 0.02005763 2
8.1275 SecondCar 6.71 0.025 -7.65661 0 0 0 0 0 0 1 0.02005763 2
8.1288 Head 0 1.6 7.476238 4.725028 353.0999 0 0.04114725 -0.06012773 0.002480692 0.9973392
8.1288 FirstCar -7.220578 0.025 2.97 0 90 0 0 0.7071068 0 0.7071068 0.01672259 2
8.1288 SecondCar 6.71 0.025 -7.656587 0 0 0 0 0 0 1 0.01672259 2
8.1301 Head 0 1.6 7.478059 4.725028 353.0999 0 0.04114725 -0.06012773 0.002480692 0.9973392
8.1301 FirstCar -7.22056 0.025 2.97 0 90 0 0 0.7071068 0 0.7071068 0.01360475 2
8.1301 SecondCar 6.71 0.025 -7.656569 0 0 0 0 0 0 1 0.01360475 2
8.1314 Head 0 1.6 7.479761 4.725028 353.0999 0 0.04114725 -0.06012773 0.002480692 0.9973392
8.1314 FirstCar -7.220547 0.025 2.97 0 90 0 0 0.7071068 0 0.7071068 0.01055699 2
8.1314 SecondCar 6.71 0.025 -7.656556 0 0 0 0 0 0 1 0.01055699 2
8.1328 Head 0 1.6 7.481424 4.725028 353.0999 0 0.04114725 -0.06012773 0.002480692 0.9973392
8.1328 FirstCar -7.220537 0.025 2.97 0 90 0 0 0.7071068 0 0.7071068 0.007315787 2
8.1328 SecondCar 6.71 0.025 -7.656546 0 0 0 0 0 0 1 0.007315787 2
8.1341 Head 0 1.6 7.483193 4.725028 353.0999 0 0.04114725 -0.06012773 0.002480692 0.9973392
8.1341 Other FirstCar Decel_Stop
8.1341 FirstCar -7.220537 0.025 2.97 0 90 0 0 0.7071068 0 0.7071068 0 2
8.1341 Other SecondCar Decel_Stop
8.1341 SecondCar 6.71 0.025 -7.656546 0 0 0 0 0 0 1 0 2
8.1359 Head 0 1.6 7.484963 4.725028 353.0999 0 0.04114725 -0.06012773 0.002480692 0.9973392
8.1359 FirstCar -7.220537 0.025 2.97 0 90 0 0 0.7071068 0 0.7071068 0 2
8.1359 SecondCar 6.71 0.025 -7.656546 0 0 0 0 0 0 1 0 2
8.1372 Head 0 1.6 7.487321 4.725028 353.0999 0 0.04114725 -0.06012773 0.002480692 0.9973392
8.1372 FirstCar -7.220537 0.025 2.97 0 90 0 0 0.7071068 0 0.7071068 0 2
8.1372 SecondCar 6.71 0.025 -7.656546 0 0 0 0 0 0 1 0 2
8.1391 Head 0 1.6 7.489033 4.725028 353.0999 0 0.04114725 -0.06012773 0.002480692 0.9973392
8.1391 FirstCar -7.220537 0.025 2.97 0 90 0 0 0.7071068 0 0.7071068 0 2
8.1391 SecondCar 6.71 0.025 -7.656546 0 0 0 0 0 0 1 0 2
8.1405 Head 0 1.6 7.491459 4.725029 353.1748 0 0.04114887 -0.05947496 0.002453761 0.9973783
8.1405 FirstCar -7.220537 0.025 2.97 0 90 0 0 0.7071068 0 0.7071068 0 2
8.1405 SecondCar 6.71 0.025 -7.656546 0 0 0 0 0 0 1 0 2
8.1420 Head 0 1.6 7.493366 4.725029 353.1748 0 0.04114887 -0.05947496 0.002453761 0.9973783
8.1420 FirstCar -7.220537 0.025 2.97 0 90 0 0 0.7071068 0 0.7071068 0 2
8.1420 SecondCar 6.71 0.025 -7.656546 0 0 0 0 0 0 1 0 2
8.1438 Head 0 1.6 7.495303 4.725029 353.1748 0 0.04114887 -0.05947496 0.002453761 0.9973783
8.1438 FirstCar -7.220537 0.025 2.97 0 90 0 0 0.7071068 0 0.7071068 0 2
8.1438 SecondCar 6.71 0.025 -7.656546 0 0 0 0 0 0 1 0 2
8.1452 Head 0 1.6 7.497593 4.725029 353.1748 0 0.04114887 -0.05947496 0.002453761 0.9973783
8.1452 FirstCar -7.220537 0.025 2.97 0 90 0 0 0.7071068 0 0.7071068 0 2
8.1452 SecondCar 6.71 0.025 -7.656546 0 0 0 0 0 0 1 0 2
8.1467 Head 0 1.6 7.499444 4.725029 353.1748 0 0.04114887 -0.05947496 0.002453761 0.9973783
8.1467 FirstCar -7.220537 0.025 2.97 0 90 0 0 0.7071068 0 0.7071068 0 2
8.1467 SecondCar 6.71 0.025 -7.656546 0 0 0 0 0 0 1 0 2
8.1487 Head 0 1.6 7.501395 4.725029 353.1748 0 0.04114887 -0.05947496 0.002453761 0.9973783
8.1487 FirstCar -7.220537 0.025 2.97 0 90 0 0 0.7071068 0 0.7071068 0 2
8.1487 SecondCar 6.71 0.025 -7.656546 0 0 0 0 0 0 1 0 2
8.1503 Head 0 1.6 7.504021 4.725029 353.1748 0 0.04114887 -0.05947496 0.002453761 0.9973783
8.1503 FirstCar -7.220537 0.025 2.97 0 90 0 0 0.7071068 0 0.7071068 0 2
8.1503 SecondCar 6.71 0.025 -7.656546 0 0 0 0 0 0 1 0 2
8.1519 Head 0 1.6 7.506166 4.725029 353.1748 0 0.04114887 -0.05947496 0.002453761 0.9973783
8.1519 FirstCar -7.220537 0.025 2.97 0 90 0 0 0.7071068 0 0.7071068 0 2
8.1519 SecondCar 6.71 0.025 -7.656546 0 0 0 0 0 0 1 0 2
8.1536 Head 0 1.6 7.508231 4.725029 353.1748 0 0.04114887 -0.05947496 0.002453761 0.9973783
8.1536 FirstCar -7.220537 0.025 2.97 0 90 0 0 0.7071068 0 0.7071068 0 2
8.1536 SecondCar 6.71 0.025 -7.656546 0 0 0 0 0 0 1 0 2
8.1551 Head 0 1.6 7.510462 4.725029 353.1748 0 0.04114887 -0.05947496 0.002453761 0.9973783
8.1551 FirstCar -7.220537 0.025 2.97 0 90 0 0 0.7071068 0 0.7071068 0 2
8.1551 SecondCar 6.71 0.025 -7.656546 0 0 0 0 0 0 1 0 2
8.1567 Head 0 1.6 7.512515 4.725029 353.1748 0 0.04114887 -0.05947496 0.002453761 0.9973783
8.1567 FirstCar -7.220537 0.025 2.97 0 90 0 0 0.7071068 0 0.7071068 0 2
8.1567 SecondCar 6.71 0.025 -7.656546 0 0 0 0 0 0 1 0 2
8.1583 Head 0 1.6 7.51457 4.725029 353.1748 0 0.04114887 -0.05947496 0.002453761 0.9973783
8.1583 FirstCar -7.220537 0.025 2.97 0 90 0 0 0.7071068 0 0.7071068 0 2
8.1583 SecondCar 6.71 0.025 -7.656546 0 0 0 0 0 0 1 0 2
8.1597 Head 0 1.6 7.516699 4.725029 353.1748 0 0.04114887 -0.05947496 0.002453761 0.9973783
8.1597 FirstCar -7.220537 0.025 2.97 0 90 0 0 0.7071068 0 0.7071068 0 2
8.1597 SecondCar 6.71 0.025 -7.656546 0 0 0 0 0 0 1 0 2
8.1609 Head 0 1.6 7.518464 4.725029 353.1748 0 0.04114887 -0.05947496 0.002453761 0.9973783
8.1609 FirstCar -7.220537 0.025 2.97 0 90 0 0 0.7071068 0 0.7071068 0 2
8.1609 SecondCar 6.71 0.025 -7.656546 0 0 0 0 0 0 1 0 2
8.1622 Head 0 1.6 7.520089 4.725029 353.1748 0 0.04114887 -0.05947496 0.002453761 0.9973783
8.1622 FirstCar -7.220537 0.025 2.97 0 90 0 0 0.7071068 0 0.7071068 0 2
8.1622 SecondCar 6.71 0.025 -7.656546 0 0 0 0 0 0 1 0 2
8.1638 Head 0 1.6 7.521801 4.725029 353.1748 0 0.04114887 -0.05947496 0.002453761 0.9973783
8.1638 FirstCar -7.220537 0.025 2.97 0 90 0 0 0.7071068 0 0.7071068 0 2
8.1638 SecondCar 6.71 0.025 -7.656546 0 0 0 0 0 0 1 0 2
8.1651 Head 0 1.6 7.523811 4.725029 353.1748 0 0.04114887 -0.05947496 0.002453761 0.9973783
8.1651 FirstCar -7.220537 0.025 2.97 0 90 0 0 0.7071068 0 0.7071068 0 2
8.1651 SecondCar 6.71 0.025 -7.656546 0 0 0 0 0 0 1 0 2
8.1663 Head 0 1.6 7.525521 4.725029 353.1748 0 0.04114887 -0.05947496 0.002453761 0.9973783
8.1663 FirstCar -7.220537 0.025 2.97 0 90 0 0 0.7071068 0 0.7071068 0 2
8.1663 SecondCar 6.71 0.025 -7.656546 0 0 0 0 0 0 1 0 2
8.1676 Head 0 1.6 7.527174 4.725029 353.1748 0 0.04114887 -0.05947496 0.002453761 0.9973783
8.1676 FirstCar -7.220537 0.025 2.97 0 90 0 0 0.7071068 0 0.7071068 0 2
8.1676 SecondCar 6.71 0.025 -7.656546 0 0 0 0 0 0 1 0 2
8.1689 Head 0 1.6 7.528862 4.725029 353.1748 0 0.04114887 -0.05947496 0.002453761 0.9973783
8.1689 FirstCar -7.220537 0.025 2.97 0 90 0 0 0.7071068 0 0.7071068 0 2
8.1689 SecondCar 6.71 0.025 -7.656546 0 0 0 0 0 0 1 0 2
8.1702 Head 0 1.6 7.53052 4.725029 353.1748 0 0.04114887 -0.05947496 0.002453761 0.9973783
8.1702 FirstCar -7.220537 0.025 2.97 0 90 0 0 0.7071068 0 0.7071068 0 2
8.1702 SecondCar 6.71 0.025 -7.656546 0 0 0 0 0 0 1 0 2
8.1714 Head 0 1.6 7.532187 4.725029 353.1748 0 0.04114887 -0.05947496 0.002453761 0.9973783
8.1714 FirstCar -7.220537 0.025 2.97 0 90 0 0 0.7071068 0 0.7071068 0 2
8.1714 SecondCar 6.71 0.025 -7.656546 0 0 0 0 0 0 1 0 2
8.1729 Head 0 1.6 7.533874 4.725029 353.1748 0 0.04114887 -0.05947496 0.002453761 0.9973783
8.1729 FirstCar -7.220537 0.025 2.97 0 90 0 0 0.7071068 0 0.7071068 0 2
8.1729 SecondCar 6.71 0.025 -7.656546 0 0 0 0 0 0 1 0 2
8.1743 Head 0 1.6 7.535822 4.725029 353.1748 0 0.04114887 -0.05947496 0.002453761 0.9973783
8.1743 FirstCar -7.220537 0.025 2.97 0 90 0 0 0.7071068 0 0.7071068 0 2
8.1743 SecondCar 6.71 0.025 -7.656546 0 0 0 0 0 0 1 0 2
8.1756 Head 0 1.6 7.537615 4.725029 353.1748 0 0.04114887 -0.05947496 0.002453761 0.9973783
8.1756 FirstCar -7.220537 0.025 2.97 0 90 0 0 0.7071068 0 0.7071068 0 2
8.1756 SecondCar 6.71 0.025 -7.656546 0 0 0 0 0 0 1 0 2
8.1769 Head 0 1.6 7.539276 4.725029 353.1748 0 0.04114887 -0.05947496 0.002453761 0.9973783
8.1769 FirstCar -7.220537 0.025 2.97 0 90 0 0 0.7071068 0 0.7071068 0 2
8.1769 SecondCar 6.71 0.025 -7.656546 0 0 0 0 0 0 1 0 2
8.1785 Head 0 1.6 7.540989 4.725029 353.1748 0 0.04114887 -0.05947496 0.002453761 0.9973783
8.1785 FirstCar -7.220537 0.025 2.97 0 90 0 0 0.7071068 0 0.7071068 0 2
8.1785 SecondCar 6.71 0.025 -7.656546 0 0 0 0 0 0 1 0 2
8.1803 Head 0 1.6 7.543161 4.725029 353.1748 0 0.04114887 -0.05947496 0.002453761 0.9973783
8.1803 FirstCar -7.220537 0.025 2.97 0 90 0 0 0.7071068 0 0.7071068 0 2
8.1803 SecondCar 6.71 0.025 -7.656546 0 0 0 0 0 0 1 0 2
8.1818 Head 0 1.6 7.545497 4.725029 353.1748 0 0.04114887 -0.05947496 0.002453761 0.9973783
8.1818 FirstCar -7.220537 0.025 2.97 0 90 0 0 0.7071068 0 0.7071068 0 2
8.1818 SecondCar 6.71 0.025 -7.656546 0 0 0 0 0 0 1 0 2
8.1834 Head 0 1.6 7.547449 4.725029 353.1748 0 0.04114887 -0.05947496 0.002453761 0.9973783
8.1834 FirstCar -7.220537 0.025 2.97 0 90 0 0 0.7071068 0 0.7071068 0 2
8.1834 SecondCar 6.71 0.025 -7.656546 0 0 0 0 0 0 1 0 2
8.1848 Head 0 1.6 7.549512 4.725029 353.1748 0 0.04114887 -0.05947496 0.002453761 0.9973783
8.1848 FirstCar -7.220537 0.025 2.97 0 90 0 0 0.7071068 0 0.7071068 0 2
8.1848 SecondCar 6.71 0.025 -7.656546 0 0 0 0 0 0 1 0 2
8.1864 Head 0 1.6 7.551387 4.725029 353.1748 0 0.04114887 -0.05947496 0.002453761 0.9973783
8.1864 FirstCar -7.220537 0.025 2.97 0 90 0 0 0.7071068 0 0.7071068 0 2
8.1864 SecondCar 6.71 0.025 -7.656546 0 0 0 0 0 0 1 0 2
8.1878 Head 0 1.6 7.553483 4.725029 353.1748 0 0.04114887 -0.05947496 0.002453761 0.9973783
8.1878 FirstCar -7.220537 0.025 2.97 0 90 0 0 0.7071068 0 0.7071068 0 2
8.1878 SecondCar 6.71 0.025 -7.656546 0 0 0 0 0 0 1 0 2
8.1892 Head 0 1.6 7.555297 4.725029 353.1748 0 0.04114887 -0.05947496 0.002453761 0.9973783
8.1892 FirstCar -7.220537 0.025 2.97 0 90 0 0 0.7071068 0 0.7071068 0 2
8.1892 SecondCar 6.71 0.025 -7.656546 0 0 0 0 0 0 1 0 2
8.1905 Head 0 1.6 7.557139 4.725029 353.1748 0 0.04114887 -0.05947496 0.002453761 0.9973783
8.1905 FirstCar -7.220537 0.025 2.97 0 90 0 0 0.7071068 0 0.7071068 0 2
8.1905 SecondCar 6.71 0.025 -7.656546 0 0 0 0 0 0 1 0 2
8.1919 Head 0 1.6 7.558893 4.725029 353.1748 0 0.04114887 -0.05947496 0.002453761 0.9973783
8.1919 FirstCar -7.220537 0.025 2.97 0 90 0 0 0.7071068 0 0.7071068 0 2
8.1919 SecondCar 6.71 0.025 -7.656546 0 0 0 0 0 0 1 0 2
8.1935 Head 0 1.6 7.560723 4.725029 353.1748 0 0.04114887 -0.05947496 0.002453761 0.9973783
8.1935 FirstCar -7.220537 0.025 2.97 0 90 0 0 0.7071068 0 0.7071068 0 2
8.1935 SecondCar 6.71 0.025 -7.656546 0 0 0 0 0 0 1 0 2
8.1950 Head 0 1.6 7.562817 4.725029 353.1748 0 0.04114887 -0.05947496 0.002453761 0.9973783
8.1950 FirstCar -7.220537 0.025 2.97 0 90 0 0 0.7071068 0 0.7071068 0 2
8.1950 SecondCar 6.71 0.025 -7.656546 0 0 0 0 0 0 1 0 2
8.1963 Head 0 1.6 7.564686 4.725029 353.1748 0 0.04114887 -0.05947496 0.002453761 0.9973783
8.1963 FirstCar -7.220537 0.025 2.97 0 90 0 0 0.7071068 0 0.7071068 0 2
8.1963 SecondCar 6.71 0.025 -7.656546 0 0 0 0 0 0 1 0 2
8.1977 Head 0 1.6 7.566446 4.725029 353.1748 0 0.04114887 -0.05947496 0.002453761 0.9973783
8.1977 FirstCar -7.220537 0.025 2.97 0 90 0 0 0.7071068 0 0.7071068 0 2
8.1977 SecondCar 6.71 0.025 -7.656546 0 0 0 0 0 0 1 0 2
8.1990 Head 0 1.6 7.568211 4.725029 353.1748 0 0.04114887 -0.05947496 0.002453761 0.9973783
8.1990 FirstCar -7.220537 0.025 2.97 0 90 0 0 0.7071068 0 0.7071068 0 2
8.1990 SecondCar 6.71 0.025 -7.656546 0 0 0 0 0 0 1 0 2
8.2004 Head 0 1.6 7.56995 4.725029 353.1748 0 0.04114887 -0.05947496 0.002453761 0.9973783
8.2004 FirstCar -7.220537 0.025 2.97 0 90 0 0 0.7071068 0 0.7071068 0 2
8.2004 SecondCar 6.71 0.025 -7.656546 0 0 0 0 0 0 1 0 2
8.2019 Head 0 1.6 7.571751 4.725029 353.1748 0 0.04114887 -0.05947496 0.002453761 0.9973783
8.2019 FirstCar -7.220537 0.025 2.97 0 90 0 0 0.7071068 0 0.7071068 0 2
8.2019 SecondCar 6.71 0.025 -7.656546 0 0 0 0 0 0 1 0 2
8.2035 Head 0 1.6 7.573724 4.725029 353.1748 0 0.04114887 -0.05947496 0.002453761 0.9973783
8.2035 FirstCar -7.220537 0.025 2.97 0 90 0 0 0.7071068 0 0.7071068 0 2
8.2035 SecondCar 6.71 0.025 -7.656546 0 0 0 0 0 0 1 0 2
8.2049 Head 0 1.6 7.575846 4.725029 353.1748 0 0.04114887 -0.05947496 0.002453761 0.9973783
8.2049 FirstCar -7.220537 0.025 2.97 0 90 0 0 0.7071068 0 0.7071068 0 2
8.2049 SecondCar 6.71 0.025 -7.656546 0 0 0 0 0 0 1 0 2
8.2062 Head 0 1.6 7.577643 4.725029 353.1748 0 0.04114887 -0.05947496 0.002453761 0.9973783
8.2062 FirstCar -7.220537 0.025 2.97 0 90 0 0 0.7071068 0 0.7071068 0 2
8.2062 SecondCar 6.71 0.025 -7.656546 0 0 0 0 0 0 1 0 2
8.2075 Head 0 1.6 7.579387 4.725029 353.1748 0 0.04114887 -0.05947496 0.002453761 0.9973783
8.2075 FirstCar -7.220537 0.025 2.97 0 90 0 0 0.7071068 0 0.7071068 0 2
8.2075 SecondCar 6.71 0.025 -7.656546 0 0 0 0 0 0 1 0 2
8.2093 Head 0 1.6 7.58107 4.725029 353.1748 0 0.04114887 -0.05947496 0.002453761 0.9973783
8.2093 FirstCar -7.220537 0.025 2.97 0 90 0 0 0.7071068 0 0.7071068 0 2
8.2093 SecondCar 6.71 0.025 -7.656546 0 0 0 0 0 0 1 0 2
8.2114 Head 0 1.6 7.583457 4.725029 353.1748 0 0.04114887 -0.05947496 0.002453761 0.9973783
8.2114 FirstCar -7.220537 0.025 2.97 0 90 0 0 0.7071068 0 0.7071068 0 2
8.2114 SecondCar 6.71 0.025 -7.656546 0 0 0 0 0 0 1 0 2
8.2128 Head 0 1.6 7.586188 4.725029 353.1748 0 0.04114887 -0.05947496 0.002453761 0.9973783
8.2128 FirstCar -7.220537 0.025 2.97 0 90 0 0 0.7071068 0 0.7071068 0 2
8.2128 SecondCar 6.71 0.025 -7.656546 0 0 0 0 0 0 1 0 2
8.2142 Head 0 1.6 7.588057 4.725029 353.1748 0 0.04114887 -0.05947496 0.002453761 0.9973783
8.2142 FirstCar -7.220537 0.025 2.97 0 90 0 0 0.7071068 0 0.7071068 0 2
8.2142 SecondCar 6.71 0.025 -7.656546 0 0 0 0 0 0 1 0 2
8.2156 Head 0 1.6 7.589883 4.725029 353.1748 0 0.04114887 -0.05947496 0.002453761 0.9973783
8.2156 FirstCar -7.220537 0.025 2.97 0 90 0 0 0.7071068 0 0.7071068 0 2
8.2156 SecondCar 6.71 0.025 -7.656546 0 0 0 0 0 0 1 0 2
8.2170 Head 0 1.6 7.591752 4.725029 353.1748 0 0.04114887 -0.05947496 0.002453761 0.9973783
8.2170 FirstCar -7.220537 0.025 2.97 0 90 0 0 0.7071068 0 0.7071068 0 2
8.2170 SecondCar 6.71 0.025 -7.656546 0 0 0 0 0 0 1 0 2
8.2183 Head 0 1.6 7.593573 4.725029 353.1748 0 0.04114887 -0.05947496 0.002453761 0.9973783
8.2183 FirstCar -7.220537 0.025 2.97 0 90 0 0 0.7071068 0 0.7071068 0 2
8.2183 SecondCar 6.71 0.025 -7.656546 0 0 0 0 0 0 1 0 2
8.2196 Head 0 1.6 7.595309 4.725029 353.1748 0 0.04114887 -0.05947496 0.002453761 0.9973783
8.2196 FirstCar -7.220537 0.025 2.97 0 90 0 0 0.7071068 0 0.7071068 0 2
8.2196 SecondCar 6.71 0.025 -7.656546 0 0 0 0 0 0 1 0 2
8.2209 Head 0 1.6 7.596936 4.725029 353.1748 0 0.04114887 -0.05947496 0.002453761 0.9973783
8.2209 FirstCar -7.220537 0.025 2.97 0 90 0 0 0.7071068 0 0.7071068 0 2
8.2209 SecondCar 6.71 0.025 -7.656546 0 0 0 0 0 0 1 0 2
8.2223 Head 0 1.6 7.598602 4.725029 353.1748 0 0.04114887 -0.05947496 0.002453761 0.9973783
8.2223 FirstCar -7.220537 0.025 2.97 0 90 0 0 0.7071068 0 0.7071068 0 2
8.2223 SecondCar 6.71 0.025 -7.656546 0 0 0 0 0 0 1 0 2
8.2238 Head 0 1.6 7.600506 4.725029 353.1748 0 0.04114887 -0.05947496 0.002453761 0.9973783
8.2238 FirstCar -7.220537 0.025 2.97 0 90 0 0 0.7071068 0 0.7071068 0 2
8.2238 SecondCar 6.71 0.025 -7.656546 0 0 0 0 0 0 1 0 2
8.2251 Head 0 1.6 7.602394 4.725029 353.1748 0 0.04114887 -0.05947496 0.002453761 0.9973783
8.2251 FirstCar -7.220537 0.025 2.97 0 90 0 0 0.7071068 0 0.7071068 0 2
8.2251 SecondCar 6.71 0.025 -7.656546 0 0 0 0 0 0 1 0 2
8.2264 Head 0 1.6 7.60417 4.725029 353.1748 0 0.04114887 -0.05947496 0.002453761 0.9973783
8.2264 FirstCar -7.220537 0.025 2.97 0 90 0 0 0.7071068 0 0.7071068 0 2
8.2264 SecondCar 6.71 0.025 -7.656546 0 0 0 0 0 0 1 0 2
8.2276 Head 0 1.6 7.605818 4.725029 353.1748 0 0.04114887 -0.05947496 0.002453761 0.9973783
8.2276 FirstCar -7.220537 0.025 2.97 0 90 0 0 0.7071068 0 0.7071068 0 2
8.2276 SecondCar 6.71 0.025 -7.656546 0 0 0 0 0 0 1 0 2
8.2289 Head 0 1.6 7.607435 4.725029 353.1748 0 0.04114887 -0.05947496 0.002453761 0.9973783
8.2289 FirstCar -7.220537 0.025 2.97 0 90 0 0 0.7071068 0 0.7071068 0 2
8.2289 SecondCar 6.71 0.025 -7.656546 0 0 0 0 0 0 1 0 2
8.2302 Head 0 1.6 7.609076 4.725029 353.1748 0 0.04114887 -0.05947496 0.002453761 0.9973783
8.2302 FirstCar -7.220537 0.025 2.97 0 90 0 0 0.7071068 0 0.7071068 0 2
8.2302 SecondCar 6.71 0.025 -7.656546 0 0 0 0 0 0 1 0 2
8.2315 Head 0 1.6 7.610791 4.725029 353.1748 0 0.04114887 -0.05947496 0.002453761 0.9973783
8.2315 FirstCar -7.220537 0.025 2.97 0 90 0 0 0.7071068 0 0.7071068 0 2
8.2315 SecondCar 6.71 0.025 -7.656546 0 0 0 0 0 0 1 0 2
8.2328 Head 0 1.6 7.612564 4.725029 353.1748 0 0.04114887 -0.05947496 0.002453761 0.9973783
8.2328 FirstCar -7.220537 0.025 2.97 0 90 0 0 0.7071068 0 0.7071068 0 2
8.2328 SecondCar 6.71 0.025 -7.656546 0 0 0 0 0 0 1 0 2
8.2342 Head 0 1.6 7.614242 4.725029 353.1748 0 0.04114887 -0.05947496 0.002453761 0.9973783
8.2342 FirstCar -7.220537 0.025 2.97 0 90 0 0 0.7071068 0 0.7071068 0 2
8.2342 SecondCar 6.71 0.025 -7.656546 0 0 0 0 0 0 1 0 2
8.2356 Head 0 1.6 7.616083 4.725029 353.1748 0 0.04114887 -0.05947496 0.002453761 0.9973783
8.2356 FirstCar -7.220537 0.025 2.97 0 90 0 0 0.7071068 0 0.7071068 0 2
8.2356 SecondCar 6.71 0.025 -7.656546 0 0 0 0 0 0 1 0 2
8.2369 Head 0 1.6 7.617861 4.725029 353.1748 0 0.04114887 -0.05947496 0.002453761 0.9973783
8.2369 FirstCar -7.220537 0.025 2.97 0 90 0 0 0.7071068 0 0.7071068 0 2
8.2369 SecondCar 6.71 0.025 -7.656546 0 0 0 0 0 0 1 0 2
8.2382 Head 0 1.6 7.619646 4.725029 353.1748 0 0.04114887 -0.05947496 0.002453761 0.9973783
8.2382 FirstCar -7.220537 0.025 2.97 0 90 0 0 0.7071068 0 0.7071068 0 2
8.2382 SecondCar 6.71 0.025 -7.656546 0 0 0 0 0 0 1 0 2
8.2395 Head 0 1.6 7.621371 4.725029 353.1748 0 0.04114887 -0.05947496 0.002453761 0.9973783
8.2395 FirstCar -7.220537 0.025 2.97 0 90 0 0 0.7071068 0 0.7071068 0 2
8.2395 SecondCar 6.71 0.025 -7.656546 0 0 0 0 0 0 1 0 2
8.2414 Head 0 1.6 7.623036 4.725029 353.1748 0 0.04114887 -0.05947496 0.002453761 0.9973783
8.2414 FirstCar -7.220537 0.025 2.97 0 90 0 0 0.7071068 0 0.7071068 0 2
8.2414 SecondCar 6.71 0.025 -7.656546 0 0 0 0 0 0 1 0 2
8.2431 Head 0 1.6 7.625459 4.725029 353.1748 0 0.04114887 -0.05947496 0.002453761 0.9973783
8.2431 FirstCar -7.220537 0.025 2.97 0 90 0 0 0.7071068 0 0.7071068 0 2
8.2431 SecondCar 6.71 0.025 -7.656546 0 0 0 0 0 0 1 0 2
8.2444 Head 0 1.6 7.627728 4.725029 353.1748 0 0.04114887 -0.05947496 0.002453761 0.9973783
8.2444 FirstCar -7.220537 0.025 2.97 0 90 0 0 0.7071068 0 0.7071068 0 2
8.2444 SecondCar 6.71 0.025 -7.656546 0 0 0 0 0 0 1 0 2
8.2457 Head 0 1.6 7.629386 4.725029 353.1748 0 0.04114887 -0.05947496 0.002453761 0.9973783
8.2457 FirstCar -7.220537 0.025 2.97 0 90 0 0 0.7071068 0 0.7071068 0 2
8.2457 SecondCar 6.71 0.025 -7.656546 0 0 0 0 0 0 1 0 2
8.2471 Head 0 1.6 7.631152 4.725029 353.1748 0 0.04114887 -0.05947496 0.002453761 0.9973783
8.2471 FirstCar -7.220537 0.025 2.97 0 90 0 0 0.7071068 0 0.7071068 0 2
8.2471 SecondCar 6.71 0.025 -7.656546 0 0 0 0 0 0 1 0 2
8.2484 Head 0 1.6 7.632969 4.725029 353.1748 0 0.04114887 -0.05947496 0.002453761 0.9973783
8.2484 FirstCar -7.220537 0.025 2.97 0 90 0 0 0.7071068 0 0.7071068 0 2
8.2484 SecondCar 6.71 0.025 -7.656546 0 0 0 0 0 0 1 0 2
8.2496 Head 0 1.6 7.634626 4.725029 353.1748 0 0.04114887 -0.05947496 0.002453761 0.9973783
8.2496 FirstCar -7.220537 0.025 2.97 0 90 0 0 0.7071068 0 0.7071068 0 2
8.2496 SecondCar 6.71 0.025 -7.656546 0 0 0 0 0 0 1 0 2
8.2510 Head 0 1.6 7.636267 4.725029 353.1748 0 0.04114887 -0.05947496 0.002453761 0.9973783
8.2510 FirstCar -7.220537 0.025 2.97 0 90 0 0 0.7071068 0 0.7071068 0 2
8.2510 SecondCar 6.71 0.025 -7.656546 0 0 0 0 0 0 1 0 2
8.2523 Head 0 1.6 7.638134 4.725029 353.1748 0 0.04114887 -0.05947496 0.002453761 0.9973783
8.2523 FirstCar -7.220537 0.025 2.97 0 90 0 0 0.7071068 0 0.7071068 0 2
8.2523 SecondCar 6.71 0.025 -7.656546 0 0 0 0 0 0 1 0 2
8.2536 Head 0 1.6 7.639845 4.725029 353.1748 0 0.04114887 -0.05947496 0.002453761 0.9973783
8.2536 FirstCar -7.220537 0.025 2.97 0 90 0 0 0.7071068 0 0.7071068 0 2
8.2536 SecondCar 6.71 0.025 -7.656546 0 0 0 0 0 0 1 0 2
8.2548 Head 0 1.6 7.641536 4.725029 353.1748 0 0.04114887 -0.05947496 0.002453761 0.9973783
8.2548 FirstCar -7.220537 0.025 2.97 0 90 0 0 0.7071068 0 0.7071068 0 2
8.2548 SecondCar 6.71 0.025 -7.656546 0 0 0 0 0 0 1 0 2
8.2561 Head 0 1.6 7.643112 4.725029 353.1748 0 0.04114887 -0.05947496 0.002453761 0.9973783
8.2561 FirstCar -7.220537 0.025 2.97 0 90 0 0 0.7071068 0 0.7071068 0 2
8.2561 SecondCar 6.71 0.025 -7.656546 0 0 0 0 0 0 1 0 2
8.2573 Head 0 1.6 7.644772 4.725029 353.1748 0 0.04114887 -0.05947496 0.002453761 0.9973783
8.2573 FirstCar -7.220537 0.025 2.97 0 90 0 0 0.7071068 0 0.7071068 0 2
8.2573 SecondCar 6.71 0.025 -7.656546 0 0 0 0 0 0 1 0 2
8.2585 Head 0 1.6 7.646349 4.725029 353.1748 0 0.04114887 -0.05947496 0.002453761 0.9973783
8.2585 FirstCar -7.220537 0.025 2.97 0 90 0 0 0.7071068 0 0.7071068 0 2
8.2585 SecondCar 6.71 0.025 -7.656546 0 0 0 0 0 0 1 0 2
8.2598 Head 0 1.6 7.64791 4.725029 353.1748 0 0.04114887 -0.05947496 0.002453761 0.9973783
8.2598 FirstCar -7.220537 0.025 2.97 0 90 0 0 0.7071068 0 0.7071068 0 2
8.2598 SecondCar 6.71 0.025 -7.656546 0 0 0 0 0 0 1 0 2
8.2612 Head 0 1.6 7.649648 4.725029 353.1748 0 0.04114887 -0.05947496 0.002453761 0.9973783
8.2612 FirstCar -7.220537 0.025 2.97 0 90 0 0 0.7071068 0 0.7071068 0 2
8.2612 SecondCar 6.71 0.025 -7.656546 0 0 0 0 0 0 1 0 2
8.2625 Head 0 1.6 7.651412 4.725029 353.1748 0 0.04114887 -0.05947496 0.002453761 0.9973783
8.2625 FirstCar -7.220537 0.025 2.97 0 90 0 0 0.7071068 0 0.7071068 0 2
8.2625 SecondCar 6.71 0.025 -7.656546 0 0 0 0 0 0 1 0 2
8.2645 Head 0 1.6 7.653202 4.725029 353.1748 0 0.04114887 -0.05947496 0.002453761 0.9973783
8.2645 FirstCar -7.220537 0.025 2.97 0 90 0 0 0.7071068 0 0.7071068 0 2
8.2645 SecondCar 6.71 0.025 -7.656546 0 0 0 0 0 0 1 0 2
8.2659 Head 0 1.6 7.655807 4.725029 353.1748 0 0.04114887 -0.05947496 0.002453761 0.9973783
8.2659 FirstCar -7.220537 0.025 2.97 0 90 0 0 0.7071068 0 0.7071068 0 2
8.2659 SecondCar 6.71 0.025 -7.656546 0 0 0 0 0 0 1 0 2
8.2673 Head 0 1.6 7.657642 4.725029 353.1748 0 0.04114887 -0.05947496 0.002453761 0.9973783
8.2673 FirstCar -7.220537 0.025 2.97 0 90 0 0 0.7071068 0 0.7071068 0 2
8.2673 SecondCar 6.71 0.025 -7.656546 0 0 0 0 0 0 1 0 2
8.2686 Head 0 1.6 7.659449 4.725029 353.1748 0 0.04114887 -0.05947496 0.002453761 0.9973783
8.2686 FirstCar -7.220537 0.025 2.97 0 90 0 0 0.7071068 0 0.7071068 0 2
8.2686 SecondCar 6.71 0.025 -7.656546 0 0 0 0 0 0 1 0 2
8.2701 Head 0 1.6 7.661174 4.725029 353.1748 0 0.04114887 -0.05947496 0.002453761 0.9973783
8.2701 FirstCar -7.220537 0.025 2.97 0 90 0 0 0.7071068 0 0.7071068 0 2
8.2701 SecondCar 6.71 0.025 -7.656546 0 0 0 0 0 0 1 0 2
8.2724 Head 0 1.6 7.663053 4.725029 353.1748 0 0.04114887 -0.05947496 0.002453761 0.9973783
8.2724 FirstCar -7.220537 0.025 2.97 0 90 0 0 0.7071068 0 0.7071068 0 2
8.2724 SecondCar 6.71 0.025 -7.656546 0 0 0 0 0 0 1 0 2
8.2739 Head 0 1.6 7.666086 4.725029 353.1748 0 0.04114887 -0.05947496 0.002453761 0.9973783
8.2739 FirstCar -7.220537 0.025 2.97 0 90 0 0 0.7071068 0 0.7071068 0 2
8.2739 SecondCar 6.71 0.025 -7.656546 0 0 0 0 0 0 1 0 2
8.2753 Head 0 1.6 7.66803 4.725029 353.1748 0 0.04114887 -0.05947496 0.002453761 0.9973783
8.2753 FirstCar -7.220537 0.025 2.97 0 90 0 0 0.7071068 0 0.7071068 0 2
8.2753 SecondCar 6.71 0.025 -7.656546 0 0 0 0 0 0 1 0 2
8.2767 Head 0 1.6 7.669919 4.725029 353.1748 0 0.04114887 -0.05947496 0.002453761 0.9973783
8.2767 FirstCar -7.220537 0.025 2.97 0 90 0 0 0.7071068 0 0.7071068 0 2
8.2767 SecondCar 6.71 0.025 -7.656546 0 0 0 0 0 0 1 0 2
8.2781 Head 0 1.6 7.671714 4.725029 353.1748 0 0.04114887 -0.05947496 0.002453761 0.9973783
8.2781 FirstCar -7.220537 0.025 2.97 0 90 0 0 0.7071068 0 0.7071068 0 2
8.2781 SecondCar 6.71 0.025 -7.656546 0 0 0 0 0 0 1 0 2
8.2798 Head 0 1.6 7.673633 4.725029 353.1748 0 0.04114887 -0.05947496 0.002453761 0.9973783
8.2798 FirstCar -7.220537 0.025 2.97 0 90 0 0 0.7071068 0 0.7071068 0 2
8.2798 SecondCar 6.71 0.025 -7.656546 0 0 0 0 0 0 1 0 2
8.2811 Head 0 1.6 7.675755 4.725029 353.1748 0 0.04114887 -0.05947496 0.002453761 0.9973783
8.2811 FirstCar -7.220537 0.025 2.97 0 90 0 0 0.7071068 0 0.7071068 0 2
8.2811 SecondCar 6.71 0.025 -7.656546 0 0 0 0 0 0 1 0 2
8.2824 Head 0 1.6 7.677492 4.725029 353.1748 0 0.04114887 -0.05947496 0.002453761 0.9973783
8.2824 FirstCar -7.220537 0.025 2.97 0 90 0 0 0.7071068 0 0.7071068 0 2
8.2824 SecondCar 6.71 0.025 -7.656546 0 0 0 0 0 0 1 0 2
8.2841 Head 0 1.6 7.679251 4.725029 353.1748 0 0.04114887 -0.05947496 0.002453761 0.9973783
8.2841 FirstCar -7.220537 0.025 2.97 0 90 0 0 0.7071068 0 0.7071068 0 2
8.2841 SecondCar 6.71 0.025 -7.656546 0 0 0 0 0 0 1 0 2
8.2857 Head 0 1.6 7.681394 4.725029 353.1748 0 0.04114887 -0.05947496 0.002453761 0.9973783
8.2857 FirstCar -7.220537 0.025 2.97 0 90 0 0 0.7071068 0 0.7071068 0 2
8.2857 SecondCar 6.71 0.025 -7.656546 0 0 0 0 0 0 1 0 2
8.2870 Head 0 1.6 7.683513 4.725029 353.1748 0 0.04114887 -0.05947496 0.002453761 0.9973783
8.2870 FirstCar -7.220537 0.025 2.97 0 90 0 0 0.7071068 0 0.7071068 0 2
8.2870 SecondCar 6.71 0.025 -7.656546 0 0 0 0 0 0 1 0 2
8.2883 Head 0 1.6 7.685227 4.725029 353.1748 0 0.04114887 -0.05947496 0.002453761 0.9973783
8.2883 FirstCar -7.220537 0.025 2.97 0 90 0 0 0.7071068 0 0.7071068 0 2
8.2883 SecondCar 6.71 0.025 -7.656546 0 0 0 0 0 0 1 0 2
8.2898 Head 0 1.6 7.686959 4.725029 353.1748 0 0.04114887 -0.05947496 0.002453761 0.9973783
8.2898 FirstCar -7.220537 0.025 2.97 0 90 0 0 0.7071068 0 0.7071068 0 2
8.2898 SecondCar 6.71 0.025 -7.656546 0 0 0 0 0 0 1 0 2
8.2911 Head 0 1.6 7.688861 4.725029 353.1748 0 0.04114887 -0.05947496 0.002453761 0.9973783
8.2911 FirstCar -7.220537 0.025 2.97 0 90 0 0 0.7071068 0 0.7071068 0 2
8.2911 SecondCar 6.71 0.025 -7.656546 0 0 0 0 0 0 1 0 2
8.2924 Head 0 1.6 7.690665 4.725029 353.1748 0 0.04114887 -0.05947496 0.002453761 0.9973783
8.2924 FirstCar -7.220537 0.025 2.97 0 90 0 0 0.7071068 0 0.7071068 0 2
8.2924 SecondCar 6.71 0.025 -7.656546 0 0 0 0 0 0 1 0 2
8.2938 Head 0 1.6 7.692369 4.725029 353.1748 0 0.04114887 -0.05947496 0.002453761 0.9973783
8.2938 FirstCar -7.220537 0.025 2.97 0 90 0 0 0.7071068 0 0.7071068 0 2
8.2938 SecondCar 6.71 0.025 -7.656546 0 0 0 0 0 0 1 0 2
8.2953 Head 0 1.6 7.694136 4.725029 353.1748 0 0.04114887 -0.05947496 0.002453761 0.9973783
8.2953 FirstCar -7.220537 0.025 2.97 0 90 0 0 0.7071068 0 0.7071068 0 2
8.2953 SecondCar 6.71 0.025 -7.656546 0 0 0 0 0 0 1 0 2
8.2966 Head 0 1.6 7.696097 4.725029 353.1748 0 0.04114887 -0.05947496 0.002453761 0.9973783
8.2966 FirstCar -7.220537 0.025 2.97 0 90 0 0 0.7071068 0 0.7071068 0 2
8.2966 SecondCar 6.71 0.025 -7.656546 0 0 0 0 0 0 1 0 2
8.2979 Head 0 1.6 7.697859 4.725029 353.1748 0 0.04114887 -0.05947496 0.002453761 0.9973783
8.2979 FirstCar -7.220537 0.025 2.97 0 90 0 0 0.7071068 0 0.7071068 0 2
8.2979 SecondCar 6.71 0.025 -7.656546 0 0 0 0 0 0 1 0 2
8.2994 Head 0 1.6 7.699556 4.725029 353.1748 0 0.04114887 -0.05947496 0.002453761 0.9973783
8.2994 FirstCar -7.220537 0.025 2.97 0 90 0 0 0.7071068 0 0.7071068 0 2
8.2994 SecondCar 6.71 0.025 -7.656546 0 0 0 0 0 0 1 0 2
8.3007 Other FirstCar destroyed
8.3007 Other SecondCar destroyed
