7.3837 Head 0.2788759 1.6 7.248271 6.525028 349.5002 0 0.05667211 -0.09135161 0.005207337 0.9941912
7.3837 FirstCar -7.897352 0.025 2.97 0 90 0 0 0.7071068 0 0.7071068 1.805027 0
7.3837 SecondCar 6.71 0.025 -8.123157 0 0 0 0 0 0 1 1.847606 0
7.3851 Head 0.2788759 1.6 7.250155 6.525028 349.5002 0 0.05667211 -0.09135161 0.005207337 0.9941912
7.3851 FirstCar -7.894746 0.025 2.97 0 90 0 0 0.7071068 0 0.7071068 1.801555 0
7.3851 SecondCar 6.71 0.025 -8.120489 0 0 0 0 0 0 1 1.844134 0
7.3868 Head 0.2788759 1.6 7.25205 6.525028 349.5002 0 0.05667211 -0.09135161 0.005207337 0.9941912
7.3868 FirstCar -7.891827 0.025 2.97 0 90 0 0 0.7071068 0 0.7071068 1.797658 0
7.3868 SecondCar 6.71 0.025 -8.117501 0 0 0 0 0 0 1 1.840237 0
7.3881 Head 0.2788759 1.6 7.254177 6.525028 349.5002 0 0.05667211 -0.09135161 0.005207337 0.9941912
7.3881 FirstCar -7.889417 0.025 2.97 0 90 0 0 0.7071068 0 0.7071068 1.794435 0
7.3881 SecondCar 6.71 0.025 -8.115034 0 0 0 0 0 0 1 1.837014 0
7.3895 Head 0.2788759 1.6 7.255936 6.525028 349.5002 0 0.05667211 -0.09135161 0.005207337 0.9941912
7.3895 FirstCar -7.886967 0.025 2.97 0 90 0 0 0.7071068 0 0.7071068 1.791153 0
7.3895 SecondCar 6.71 0.025 -8.112527 0 0 0 0 0 0 1 1.833732 0
7.3908 Head 0.2788759 1.6 7.257728 6.525028 349.5002 0 0.05667211 -0.09135161 0.005207337 0.9941912
7.3908 FirstCar -7.884684 0.025 2.97 0 90 0 0 0.7071068 0 0.7071068 1.788089 0
7.3908 SecondCar 6.71 0.025 -8.110189 0 0 0 0 0 0 1 1.830668 0
7.3920 Head 0.2788759 1.6 7.2594 6.525028 349.5002 0 0.05667211 -0.09135161 0.005207337 0.9941912
7.3920 FirstCar -7.882443 0.025 2.97 0 90 0 0 0.7071068 0 0.7071068 1.785076 0
7.3920 SecondCar 6.71 0.025 -8.107895 0 0 0 0 0 0 1 1.827655 0
7.3933 Head 0.2788759 1.6 7.261045 6.525028 349.5002 0 0.05667211 -0.09135161 0.005207337 0.9941912
7.3933 FirstCar -7.88016 0.025 2.97 0 90 0 0 0.7071068 0 0.7071068 1.782001 0
7.3933 SecondCar 6.71 0.025 -8.105557 0 0 0 0 0 0 1 1.824581 0
7.3945 Head 0.2788759 1.6 7.262723 6.525028 349.5002 0 0.05667211 -0.09135161 0.005207337 0.9941912
7.3945 FirstCar -7.877967 0.025 2.97 0 90 0 0 0.7071068 0 0.7071068 1.779042 0
7.3945 SecondCar 6.71 0.025 -8.103312 0 0 0 0 0 0 1 1.821622 0
7.3958 Head 0.2788759 1.6 7.264338 6.525028 349.5002 0 0.05667211 -0.09135161 0.005207337 0.9941912
7.3958 FirstCar -7.875708 0.025 2.97 0 90 0 0 0.7071068 0 0.7071068 1.775988 0
7.3958 SecondCar 6.71 0.025 -8.100997 0 0 0 0 0 0 1 1.818568 0
7.3972 Head 0.2788759 1.6 7.266006 6.525028 349.5002 0 0.05667211 -0.09135161 0.005207337 0.9941912
7.3972 FirstCar -7.873248 0.025 2.97 0 90 0 0 0.7071068 0 0.7071068 1.772658 0
7.3972 SecondCar 6.71 0.025 -8.098478 0 0 0 0 0 0 1 1.815238 0
7.3985 Head 0.2788759 1.6 7.267823 6.525028 349.5002 0 0.05667211 -0.09135161 0.005207337 0.9941912
7.3985 FirstCar -7.870888 0.025 2.97 0 90 0 0 0.7071068 0 0.7071068 1.769457 0
7.3985 SecondCar 6.71 0.025 -8.096062 0 0 0 0 0 0 1 1.812036 0
7.3998 Head 0.2788759 1.6 7.269571 6.525028 349.5002 0 0.05667211 -0.09135161 0.005207337 0.9941912
7.3998 FirstCar -7.868595 0.025 2.97 0 90 0 0 0.7071068 0 0.7071068 1.766341 0
7.3998 SecondCar 6.71 0.025 -8.093713 0 0 0 0 0 0 1 1.808921 0
7.4011 Head 0.2788759 1.6 7.271272 6.525028 349.5002 0 0.05667211 -0.09135161 0.005207337 0.9941912
7.4011 FirstCar -7.866359 0.025 2.97 0 90 0 0 0.7071068 0 0.7071068 1.763298 0
7.4011 SecondCar 6.71 0.025 -8.091423 0 0 0 0 0 0 1 1.805878 0
7.4025 Head 0.2788759 1.6 7.272933 6.525028 349.5002 0 0.05667211 -0.09135161 0.005207337 0.9941912
7.4025 FirstCar -7.863941 0.025 2.97 0 90 0 0 0.7071068 0 0.7071068 1.760001 0
7.4025 SecondCar 6.71 0.025 -8.088946 0 0 0 0 0 0 1 1.80258 0
7.4037 Head 0.2788759 1.6 7.274732 6.525028 349.5002 0 0.05667211 -0.09135161 0.005207337 0.9941912
7.4037 FirstCar -7.861743 0.025 2.97 0 90 0 0 0.7071068 0 0.7071068 1.757 0
7.4037 SecondCar 6.71 0.025 -8.086696 0 0 0 0 0 0 1 1.799579 0
7.4049 Head 0.2788759 1.6 7.27637 6.525028 349.5002 0 0.05667211 -0.09135161 0.005207337 0.9941912
7.4049 FirstCar -7.859589 0.025 2.97 0 90 0 0 0.7071068 0 0.7071068 1.754052 0
7.4049 SecondCar 6.71 0.025 -8.084489 0 0 0 0 0 0 1 1.796631 0
7.4065 Head 0.2788759 1.6 7.277979 6.525028 349.5002 0 0.05667211 -0.09135161 0.005207337 0.9941912
7.4065 FirstCar -7.856865 0.025 2.97 0 90 0 0 0.7071068 0 0.7071068 1.750317 0
7.4065 SecondCar 6.71 0.025 -8.081699 0 0 0 0 0 0 1 1.792897 0
7.4078 Head 0.2788759 1.6 7.280017 6.525028 349.5002 0 0.05667211 -0.09135161 0.005207337 0.9941912
7.4078 FirstCar -7.854645 0.025 2.97 0 90 0 0 0.7071068 0 0.7071068 1.747268 0
7.4078 SecondCar 6.71 0.025 -8.079425 0 0 0 0 0 0 1 1.789847 0
7.4092 Head 0.2788759 1.6 7.281682 6.525028 349.5002 0 0.05667211 -0.09135161 0.005207337 0.9941912
7.4092 FirstCar -7.852108 0.025 2.97 0 90 0 0 0.7071068 0 0.7071068 1.743776 0
7.4092 SecondCar 6.71 0.025 -8.076826 0 0 0 0 0 0 1 1.786356 0
7.4106 Head 0.2788759 1.6 7.283588 6.525028 349.5002 0 0.05667211 -0.09135161 0.005207337 0.9941912
7.4106 FirstCar -7.849757 0.025 2.97 0 90 0 0 0.7071068 0 0.7071068 1.740534 0
7.4106 SecondCar 6.71 0.025 -8.074417 0 0 0 0 0 0 1 1.783114 0
7.4125 Head 0.2788759 1.6 7.285357 6.525028 349.5002 0 0.05667211 -0.09135161 0.005207337 0.9941912
7.4125 FirstCar -7.846331 0.025 2.97 0 90 0 0 0.7071068 0 0.7071068 1.735798 0
7.4125 SecondCar 6.71 0.025 -8.070908 0 0 0 0 0 0 1 1.778377 0
7.4140 Head 0.2788759 1.6 7.287943 6.525028 349.5002 0 0.05667211 -0.09135161 0.005207337 0.9941912
7.4140 FirstCar -7.843857 0.025 2.97 0 90 0 0 0.7071068 0 0.7071068 1.73237 0
7.4140 SecondCar 6.71 0.025 -8.068373 0 0 0 0 0 0 1 1.77495 0
7.4153 Head 0.2788759 1.6 7.289814 6.525028 349.5002 0 0.05667211 -0.09135161 0.005207337 0.9941912
7.4153 FirstCar -7.841585 0.025 2.97 0 90 0 0 0.7071068 0 0.7071068 1.729216 0
7.4153 SecondCar 6.71 0.025 -8.066045 0 0 0 0 0 0 1 1.771796 0
7.4167 Head 0.2788759 1.6 7.291535 6.525028 349.5002 0 0.05667211 -0.09135161 0.005207337 0.9941912
7.4167 FirstCar -7.839216 0.025 2.97 0 90 0 0 0.7071068 0 0.7071068 1.725923 0
7.4167 SecondCar 6.71 0.025 -8.063618 0 0 0 0 0 0 1 1.768502 0
7.4181 Head 0.2788759 1.6 7.293333 6.525028 349.5002 0 0.05667211 -0.09135161 0.005207337 0.9941912
7.4181 FirstCar -7.836769 0.025 2.97 0 90 0 0 0.7071068 0 0.7071068 1.722512 0
7.4181 SecondCar 6.71 0.025 -8.06111 0 0 0 0 0 0 1 1.765092 0
7.4194 Head 0.2788759 1.6 7.295195 6.525028 349.5002 0 0.05667211 -0.09135161 0.005207337 0.9941912
7.4194 FirstCar -7.834589 0.025 2.97 0 90 0 0 0.7071068 0 0.7071068 1.719469 0
7.4194 SecondCar 6.71 0.025 -8.058875 0 0 0 0 0 0 1 1.762049 0
7.4206 Head 0.2788759 1.6 7.296855 6.525028 349.5002 0 0.05667211 -0.09135161 0.005207337 0.9941912
7.4206 FirstCar -7.832451 0.025 2.97 0 90 0 0 0.7071068 0 0.7071068 1.716481 0
7.4206 SecondCar 6.71 0.025 -8.056685 0 0 0 0 0 0 1 1.759061 0
7.4219 Head 0.2788759 1.6 7.298486 6.525028 349.5002 0 0.05667211 -0.09135161 0.005207337 0.9941912
7.4219 FirstCar -7.830199 0.025 2.97 0 90 0 0 0.7071068 0 0.7071068 1.713327 0
7.4219 SecondCar 6.71 0.025 -8.054378 0 0 0 0 0 0 1 1.755906 0
7.4232 Head 0.2788759 1.6 7.300208 6.525028 349.5002 0 0.05667211 -0.09135161 0.005207337 0.9941912
7.4232 FirstCar -7.827992 0.025 2.97 0 90 0 0 0.7071068 0 0.7071068 1.71023 0
7.4232 SecondCar 6.71 0.025 -8.052115 0 0 0 0 0 0 1 1.75281 0
7.4244 Head 0.2788759 1.6 7.301898 6.525028 349.5002 0 0.05667211 -0.09135161 0.005207337 0.9941912
7.4244 FirstCar -7.825904 0.025 2.97 0 90 0 0 0.7071068 0 0.7071068 1.707295 0
7.4244 SecondCar 6.71 0.025 -8.049975 0 0 0 0 0 0 1 1.749874 0
7.4260 Head 0.2788759 1.6 7.303501 6.525028 349.5002 0 0.05667211 -0.09135161 0.005207337 0.9941912
7.4260 FirstCar -7.823255 0.025 2.97 0 90 0 0 0.7071068 0 0.7071068 1.703562 0
7.4260 SecondCar 6.71 0.025 -8.047259 0 0 0 0 0 0 1 1.746141 0
7.4273 Head 0.2788759 1.6 7.305538 6.525028 349.5002 0 0.05667211 -0.09135161 0.005207337 0.9941912
7.4273 FirstCar -7.821045 0.025 2.97 0 90 0 0 0.7071068 0 0.7071068 1.700443 0
7.4273 SecondCar 6.71 0.025 -8.044994 0 0 0 0 0 0 1 1.743022 0
7.4286 Head 0.2788759 1.6 7.30724 6.525028 349.5002 0 0.05667211 -0.09135161 0.005207337 0.9941912
7.4286 FirstCar -7.818845 0.025 2.97 0 90 0 0 0.7071068 0 0.7071068 1.697332 0
7.4286 SecondCar 6.71 0.025 -8.042739 0 0 0 0 0 0 1 1.739912 0
7.4299 Head 0.2788759 1.6 7.308939 6.525028 349.5002 0 0.05667211 -0.09135161 0.005207337 0.9941912
7.4299 FirstCar -7.81653 0.025 2.97 0 90 0 0 0.7071068 0 0.7071068 1.694052 0
7.4299 SecondCar 6.71 0.025 -8.040365 0 0 0 0 0 0 1 1.736632 0
7.4312 Head 0.2788759 1.6 7.310729 6.525028 349.5002 0 0.05667211 -0.09135161 0.005207337 0.9941912
7.4312 FirstCar -7.814394 0.025 2.97 0 90 0 0 0.7071068 0 0.7071068 1.69102 0
7.4312 SecondCar 6.71 0.025 -8.038175 0 0 0 0 0 0 1 1.7336 0
7.4325 Head 0.2788759 1.6 7.312384 6.525028 349.5002 0 0.05667211 -0.09135161 0.005207337 0.9941912
7.4325 FirstCar -7.812223 0.025 2.97 0 90 0 0 0.7071068 0 0.7071068 1.687934 0
7.4325 SecondCar 6.71 0.025 -8.03595 0 0 0 0 0 0 1 1.730513 0
7.4337 Head 0.2788759 1.6 7.314068 6.525028 349.5002 0 0.05667211 -0.09135161 0.005207337 0.9941912
7.4337 FirstCar -7.810159 0.025 2.97 0 90 0 0 0.7071068 0 0.7071068 1.684994 0
7.4337 SecondCar 6.71 0.025 -8.033834 0 0 0 0 0 0 1 1.727574 0
7.4350 Head 0.2788759 1.6 7.315673 6.525028 349.5002 0 0.05667211 -0.09135161 0.005207337 0.9941912
7.4350 FirstCar -7.808011 0.025 2.97 0 90 0 0 0.7071068 0 0.7071068 1.681929 0
7.4350 SecondCar 6.71 0.025 -8.031631 0 0 0 0 0 0 1 1.724509 0
7.4363 Head 0.2788759 1.6 7.317346 6.525028 349.5002 0 0.05667211 -0.09135161 0.005207337 0.9941912
7.4363 FirstCar -7.805826 0.025 2.97 0 90 0 0 0.7071068 0 0.7071068 1.678805 0
7.4363 SecondCar 6.71 0.025 -8.029389 0 0 0 0 0 0 1 1.721385 0
7.4376 Head 0.2788759 1.6 7.319051 6.525028 349.5002 0 0.05667211 -0.09135161 0.005207337 0.9941912
7.4376 FirstCar -7.803694 0.025 2.97 0 90 0 0 0.7071068 0 0.7071068 1.675752 0
7.4376 SecondCar 6.71 0.025 -8.027204 0 0 0 0 0 0 1 1.718331 0
7.4387 Head 0.2788759 1.6 7.320718 6.525028 349.5002 0 0.05667211 -0.09135161 0.005207337 0.9941912
7.4387 FirstCar -7.801721 0.025 2.97 0 90 0 0 0.7071068 0 0.7071068 1.672922 0
7.4387 SecondCar 6.71 0.025 -8.025181 0 0 0 0 0 0 1 1.715501 0
7.4399 Head 0.2788759 1.6 7.322263 6.525028 349.5002 0 0.05667211 -0.09135161 0.005207337 0.9941912
7.4399 FirstCar -7.799733 0.025 2.97 0 90 0 0 0.7071068 0 0.7071068 1.670064 0
7.4399 SecondCar 6.71 0.025 -8.023142 0 0 0 0 0 0 1 1.712644 0
7.4412 Head 0.2788759 1.6 7.323822 6.525028 349.5002 0 0.05667211 -0.09135161 0.005207337 0.9941912
7.4412 FirstCar -7.797657 0.025 2.97 0 90 0 0 0.7071068 0 0.7071068 1.667075 0
7.4412 SecondCar 6.71 0.025 -8.021012 0 0 0 0 0 0 1 1.709655 0
7.4432 Head 0.2788759 1.6 7.325454 6.525028 349.5002 0 0.05667211 -0.09135161 0.005207337 0.9941912
7.4432 FirstCar -7.794299 0.025 2.97 0 90 0 0 0.7071068 0 0.7071068 1.662227 0
7.4432 SecondCar 6.71 0.025 -8.017569 0 0 0 0 0 0 1 1.704807 0
7.4446 Head 0.2788759 1.6 7.3281 6.525028 349.5002 0 0.05667211 -0.09135161 0.005207337 0.9941912
7.4446 FirstCar -7.791935 0.025 2.97 0 90 0 0 0.7071068 0 0.7071068 1.658807 0
7.4446 SecondCar 6.71 0.025 -8.015143 0 0 0 0 0 0 1 1.701386 0
7.4461 Head 0.2788759 1.6 7.329967 6.525028 349.5002 0 0.05667211 -0.09135161 0.005207337 0.9941912
7.4461 FirstCar -7.789458 0.025 2.97 0 90 0 0 0.7071068 0 0.7071068 1.655215 0
7.4461 SecondCar 6.71 0.025 -8.012602 0 0 0 0 0 0 1 1.697794 0
7.4473 Head 0.2788759 1.6 7.331927 6.525028 349.5002 0 0.05667211 -0.09135161 0.005207337 0.9941912
7.4473 FirstCar -7.787457 0.025 2.97 0 90 0 0 0.7071068 0 0.7071068 1.652309 0
7.4473 SecondCar 6.71 0.025 -8.01055 0 0 0 0 0 0 1 1.694888 0
7.4486 Head 0.2788759 1.6 7.333513 6.525028 349.5002 0 0.05667211 -0.09135161 0.005207337 0.9941912
7.4486 FirstCar -7.78534 0.025 2.97 0 90 0 0 0.7071068 0 0.7071068 1.649229 0
7.4486 SecondCar 6.71 0.025 -8.008378 0 0 0 0 0 0 1 1.691808 0
7.4500 Head 0.2788759 1.6 7.335195 6.525028 349.5002 0 0.05667211 -0.09135161 0.005207337 0.9941912
7.4500 FirstCar -7.783047 0.025 2.97 0 90 0 0 0.7071068 0 0.7071068 1.645884 0
7.4500 SecondCar 6.71 0.025 -8.006025 0 0 0 0 0 0 1 1.688464 0
7.4513 Head 0.2788759 1.6 7.33702 6.525028 349.5002 0 0.05667211 -0.09135161 0.005207337 0.9941912
7.4513 FirstCar -7.780984 0.025 2.97 0 90 0 0 0.7071068 0 0.7071068 1.642871 0
7.4513 SecondCar 6.71 0.025 -8.003909 0 0 0 0 0 0 1 1.685451 0
7.4525 Head 0.2788759 1.6 7.338665 6.525028 349.5002 0 0.05667211 -0.09135161 0.005207337 0.9941912
7.4525 FirstCar -7.778886 0.025 2.97 0 90 0 0 0.7071068 0 0.7071068 1.6398 0
7.4525 SecondCar 6.71 0.025 -8.001757 0 0 0 0 0 0 1 1.68238 0
7.4538 Head 0.2788759 1.6 7.340341 6.525028 349.5002 0 0.05667211 -0.09135161 0.005207337 0.9941912
7.4538 FirstCar -7.776773 0.025 2.97 0 90 0 0 0.7071068 0 0.7071068 1.636703 0
7.4538 SecondCar 6.71 0.025 -7.999589 0 0 0 0 0 0 1 1.679282 0
7.4552 Head 0.2788759 1.6 7.342031 6.525028 349.5002 0 0.05667211 -0.09135161 0.005207337 0.9941912
7.4552 FirstCar -7.774556 0.025 2.97 0 90 0 0 0.7071068 0 0.7071068 1.633445 0
7.4552 SecondCar 6.71 0.025 -7.997314 0 0 0 0 0 0 1 1.676024 0
7.4565 Head 0.2788759 1.6 7.34381 6.525028 349.5002 0 0.05667211 -0.09135161 0.005207337 0.9941912
7.4565 FirstCar -7.77246 0.025 2.97 0 90 0 0 0.7071068 0 0.7071068 1.630359 0
7.4565 SecondCar 6.71 0.025 -7.995163 0 0 0 0 0 0 1 1.672938 0
7.4579 Head 0.2788759 1.6 7.345494 6.525028 349.5002 0 0.05667211 -0.09135161 0.005207337 0.9941912
7.4579 FirstCar -7.770088 0.025 2.97 0 90 0 0 0.7071068 0 0.7071068 1.626859 0
7.4579 SecondCar 6.71 0.025 -7.992729 0 0 0 0 0 0 1 1.669438 0
7.4594 Head 0.2788759 1.6 7.347404 6.525028 349.5002 0 0.05667211 -0.09135161 0.005207337 0.9941912
7.4594 FirstCar -7.767774 0.025 2.97 0 90 0 0 0.7071068 0 0.7071068 1.623438 0
7.4594 SecondCar 6.71 0.025 -7.990354 0 0 0 0 0 0 1 1.666017 0
7.4608 Head 0.2788759 1.6 7.349271 6.525028 349.5002 0 0.05667211 -0.09135161 0.005207337 0.9941912
7.4608 FirstCar -7.765385 0.025 2.97 0 90 0 0 0.7071068 0 0.7071068 1.619898 0
7.4608 SecondCar 6.71 0.025 -7.987902 0 0 0 0 0 0 1 1.662478 0
7.4622 Head 0.2788759 1.6 7.351203 6.525028 349.5002 0 0.05667211 -0.09135161 0.005207337 0.9941912
7.4622 FirstCar -7.763206 0.025 2.97 0 90 0 0 0.7071068 0 0.7071068 1.616663 0
7.4622 SecondCar 6.71 0.025 -7.985666 0 0 0 0 0 0 1 1.659243 0
7.4635 Head 0.2788759 1.6 7.352969 6.525028 349.5002 0 0.05667211 -0.09135161 0.005207337 0.9941912
7.4635 FirstCar -7.761143 0.025 2.97 0 90 0 0 0.7071068 0 0.7071068 1.613596 0
7.4635 SecondCar 6.71 0.025 -7.983549 0 0 0 0 0 0 1 1.656175 0
7.4648 Head 0.2788759 1.6 7.354643 6.525028 349.5002 0 0.05667211 -0.09135161 0.005207337 0.9941912
7.4648 FirstCar -7.759011 0.025 2.97 0 90 0 0 0.7071068 0 0.7071068 1.610418 0
7.4648 SecondCar 6.71 0.025 -7.98136 0 0 0 0 0 0 1 1.652997 0
7.4664 Head 0.2788759 1.6 7.356378 6.525028 349.5002 0 0.05667211 -0.09135161 0.005207337 0.9941912
7.4664 FirstCar -7.756408 0.025 2.97 0 90 0 0 0.7071068 0 0.7071068 1.606529 0
7.4664 SecondCar 6.71 0.025 -7.978689 0 0 0 0 0 0 1 1.649109 0
7.4678 Head 0.2788759 1.6 7.3585 6.525028 349.5002 0 0.05667211 -0.09135161 0.005207337 0.9941912
7.4678 FirstCar -7.754136 0.025 2.97 0 90 0 0 0.7071068 0 0.7071068 1.603128 0
7.4678 SecondCar 6.71 0.025 -7.976356 0 0 0 0 0 0 1 1.645707 0
7.4693 Head 0.2788759 1.6 7.360357 6.525028 349.5002 0 0.05667211 -0.09135161 0.005207337 0.9941912
7.4693 FirstCar -7.751745 0.025 2.97 0 90 0 0 0.7071068 0 0.7071068 1.59954 0
7.4693 SecondCar 6.71 0.025 -7.973902 0 0 0 0 0 0 1 1.64212 0
7.4706 Head 0.2788759 1.6 7.362315 6.525028 349.5002 0 0.05667211 -0.09135161 0.005207337 0.9941912
7.4706 FirstCar -7.749651 0.025 2.97 0 90 0 0 0.7071068 0 0.7071068 1.596393 0
7.4706 SecondCar 6.71 0.025 -7.971752 0 0 0 0 0 0 1 1.638972 0
7.4719 Head 0.2788759 1.6 7.364033 6.525028 349.5002 0 0.05667211 -0.09135161 0.005207337 0.9941912
7.4719 FirstCar -7.747617 0.025 2.97 0 90 0 0 0.7071068 0 0.7071068 1.593328 0
7.4719 SecondCar 6.71 0.025 -7.969663 0 0 0 0 0 0 1 1.635907 0
7.4739 Head 0.2788759 1.6 7.365706 6.525028 349.5002 0 0.05667211 -0.09135161 0.005207337 0.9941912
7.4739 FirstCar -7.744437 0.025 2.97 0 90 0 0 0.7071068 0 0.7071068 1.588523 0
7.4739 SecondCar 6.71 0.025 -7.966398 0 0 0 0 0 0 1 1.631102 0
7.4753 Head 0.2788759 1.6 7.368329 6.525028 349.5002 0 0.05667211 -0.09135161 0.005207337 0.9941912
7.4753 FirstCar -7.742257 0.025 2.97 0 90 0 0 0.7071068 0 0.7071068 1.585222 0
7.4753 SecondCar 6.71 0.025 -7.964159 0 0 0 0 0 0 1 1.627802 0
7.4765 Head 0.2788759 1.6 7.370131 6.525028 349.5002 0 0.05667211 -0.09135161 0.005207337 0.9941912
7.4765 FirstCar -7.740266 0.025 2.97 0 90 0 0 0.7071068 0 0.7071068 1.582203 0
7.4765 SecondCar 6.71 0.025 -7.962115 0 0 0 0 0 0 1 1.624783 0
7.4780 Head 0.2788759 1.6 7.371778 6.525028 349.5002 0 0.05667211 -0.09135161 0.005207337 0.9941912
7.4780 FirstCar -7.737999 0.025 2.97 0 90 0 0 0.7071068 0 0.7071068 1.578756 0
7.4780 SecondCar 6.71 0.025 -7.959786 0 0 0 0 0 0 1 1.621335 0
7.4793 Head 0.2788759 1.6 7.37366 6.525028 349.5002 0 0.05667211 -0.09135161 0.005207337 0.9941912
7.4793 FirstCar -7.735929 0.025 2.97 0 90 0 0 0.7071068 0 0.7071068 1.575603 0
7.4793 SecondCar 6.71 0.025 -7.95766 0 0 0 0 0 0 1 1.618183 0
7.4805 Head 0.2788759 1.6 7.375381 6.525028 349.5002 0 0.05667211 -0.09135161 0.005207337 0.9941912
7.4805 FirstCar -7.733966 0.025 2.97 0 90 0 0 0.7071068 0 0.7071068 1.572608 0
7.4805 SecondCar 6.71 0.025 -7.955644 0 0 0 0 0 0 1 1.615187 0
7.4818 Head 0.2788759 1.6 7.377016 6.525028 349.5002 0 0.05667211 -0.09135161 0.005207337 0.9941912
7.4818 FirstCar -7.732057 0.025 2.97 0 90 0 0 0.7071068 0 0.7071068 1.569689 0
7.4818 SecondCar 6.71 0.025 -7.953683 0 0 0 0 0 0 1 1.612268 0
7.4830 Head 0.2788759 1.6 7.378609 6.525028 349.5002 0 0.05667211 -0.09135161 0.005207337 0.9941912
7.4830 FirstCar -7.730064 0.025 2.97 0 90 0 0 0.7071068 0 0.7071068 1.566635 0
7.4830 SecondCar 6.71 0.025 -7.951636 0 0 0 0 0 0 1 1.609215 0
7.4843 Head 0.2788759 1.6 7.380276 6.525028 349.5002 0 0.05667211 -0.09135161 0.005207337 0.9941912
7.4843 FirstCar -7.728047 0.025 2.97 0 90 0 0 0.7071068 0 0.7071068 1.563539 0
7.4843 SecondCar 6.71 0.025 -7.949564 0 0 0 0 0 0 1 1.606118 0
7.4859 Head 0.2788759 1.6 7.381966 6.525028 349.5002 0 0.05667211 -0.09135161 0.005207337 0.9941912
7.4859 FirstCar -7.725658 0.025 2.97 0 90 0 0 0.7071068 0 0.7071068 1.559864 0
7.4859 SecondCar 6.71 0.025 -7.94711 0 0 0 0 0 0 1 1.602444 0
7.4872 Head 0.2788759 1.6 7.383972 6.525028 349.5002 0 0.05667211 -0.09135161 0.005207337 0.9941912
7.4872 FirstCar -7.723566 0.025 2.97 0 90 0 0 0.7071068 0 0.7071068 1.556638 0
7.4872 SecondCar 6.71 0.025 -7.944961 0 0 0 0 0 0 1 1.599218 0
7.4887 Head 0.2788759 1.6 7.385733 6.525028 349.5002 0 0.05667211 -0.09135161 0.005207337 0.9941912
7.4887 FirstCar -7.721221 0.025 2.97 0 90 0 0 0.7071068 0 0.7071068 1.553014 0
7.4887 SecondCar 6.71 0.025 -7.942551 0 0 0 0 0 0 1 1.595594 0
7.4900 Head 0.2788759 1.6 7.387711 6.525028 349.5002 0 0.05667211 -0.09135161 0.005207337 0.9941912
7.4900 FirstCar -7.719255 0.025 2.97 0 90 0 0 0.7071068 0 0.7071068 1.549971 0
7.4900 SecondCar 6.71 0.025 -7.940531 0 0 0 0 0 0 1 1.59255 0
7.4912 Head 0.2788759 1.6 7.389372 6.525028 349.5002 0 0.05667211 -0.09135161 0.005207337 0.9941912
7.4912 FirstCar -7.71734 0.025 2.97 0 90 0 0 0.7071068 0 0.7071068 1.546999 0
7.4912 SecondCar 6.71 0.025 -7.938563 0 0 0 0 0 0 1 1.589578 0
7.4925 Head 0.2788759 1.6 7.390995 6.525028 349.5002 0 0.05667211 -0.09135161 0.005207337 0.9941912
7.4925 FirstCar -7.715419 0.025 2.97 0 90 0 0 0.7071068 0 0.7071068 1.544013 0
7.4925 SecondCar 6.71 0.025 -7.936589 0 0 0 0 0 0 1 1.586592 0
7.4937 Head 0.2788759 1.6 7.392624 6.525028 349.5002 0 0.05667211 -0.09135161 0.005207337 0.9941912
7.4937 FirstCar -7.713443 0.025 2.97 0 90 0 0 0.7071068 0 0.7071068 1.540936 0
7.4937 SecondCar 6.71 0.025 -7.934559 0 0 0 0 0 0 1 1.583515 0
7.4951 Head 0.2788759 1.6 7.394304 6.525028 349.5002 0 0.05667211 -0.09135161 0.005207337 0.9941912
7.4951 FirstCar -7.71132 0.025 2.97 0 90 0 0 0.7071068 0 0.7071068 1.537622 0
7.4951 SecondCar 6.71 0.025 -7.932377 0 0 0 0 0 0 1 1.580202 0
7.4964 Head 0.2788759 1.6 7.396113 6.525028 349.5002 0 0.05667211 -0.09135161 0.005207337 0.9941912
7.4964 FirstCar -7.709335 0.025 2.97 0 90 0 0 0.7071068 0 0.7071068 1.534518 0
7.4964 SecondCar 6.71 0.025 -7.930337 0 0 0 0 0 0 1 1.577098 0
7.4976 Head 0.2788759 1.6 7.397807 6.525028 349.5002 0 0.05667211 -0.09135161 0.005207337 0.9941912
7.4976 FirstCar -7.707473 0.025 2.97 0 90 0 0 0.7071068 0 0.7071068 1.531599 0
7.4976 SecondCar 6.71 0.025 -7.928423 0 0 0 0 0 0 1 1.574179 0
7.4989 Head 0.2788759 1.6 7.3994 6.525028 349.5002 0 0.05667211 -0.09135161 0.005207337 0.9941912
7.4989 FirstCar -7.705585 0.025 2.97 0 90 0 0 0.7071068 0 0.7071068 1.528636 0
7.4989 SecondCar 6.71 0.025 -7.926483 0 0 0 0 0 0 1 1.571216 0
7.5001 Head 0.2788759 1.6 7.401018 6.525028 349.5002 0 0.05667211 -0.09135161 0.005207337 0.9941912
7.5001 FirstCar -7.703743 0.025 2.97 0 90 0 0 0.7071068 0 0.7071068 1.525738 0
7.5001 SecondCar 6.71 0.025 -7.924589 0 0 0 0 0 0 1 1.568317 0
7.5013 Head 0.2788759 1.6 7.4026 6.525028 349.5002 0 0.05667211 -0.09135161 0.005207337 0.9941912
7.5013 FirstCar -7.701889 0.025 2.97 0 90 0 0 0.7071068 0 0.7071068 1.522816 0
7.5013 SecondCar 6.71 0.025 -7.922684 0 0 0 0 0 0 1 1.565396 0
7.5026 Head 0.2788759 1.6 7.404194 6.525028 349.5002 0 0.05667211 -0.09135161 0.005207337 0.9941912
7.5026 FirstCar -7.699894 0.025 2.97 0 90 0 0 0.7071068 0 0.7071068 1.519666 0
7.5026 SecondCar 6.71 0.025 -7.920633 0 0 0 0 0 0 1 1.562246 0
7.5039 Head 0.2788759 1.6 7.405914 6.525028 349.5002 0 0.05667211 -0.09135161 0.005207337 0.9941912
7.5039 FirstCar -7.697881 0.025 2.97 0 90 0 0 0.7071068 0 0.7071068 1.516479 0
7.5039 SecondCar 6.71 0.025 -7.918563 0 0 0 0 0 0 1 1.559059 0
7.5056 Head 0.2788759 1.6 7.407653 6.525028 349.5002 0 0.05667211 -0.09135161 0.005207337 0.9941912
7.5056 FirstCar -7.695343 0.025 2.97 0 90 0 0 0.7071068 0 0.7071068 1.512453 0
7.5056 SecondCar 6.71 0.025 -7.915954 0 0 0 0 0 0 1 1.555032 0
7.5069 Head 0.2788759 1.6 7.409851 6.525028 349.5002 0 0.05667211 -0.09135161 0.005207337 0.9941912
7.5069 FirstCar -7.693398 0.025 2.97 0 90 0 0 0.7071068 0 0.7071068 1.509359 0
7.5069 SecondCar 6.71 0.025 -7.913954 0 0 0 0 0 0 1 1.551939 0
7.5082 Head 0.2788759 1.6 7.41154 6.525028 349.5002 0 0.05667211 -0.09135161 0.005207337 0.9941912
7.5082 FirstCar -7.691441 0.025 2.97 0 90 0 0 0.7071068 0 0.7071068 1.506241 0
7.5082 SecondCar 6.71 0.025 -7.911942 0 0 0 0 0 0 1 1.548821 0
7.5095 Head 0.2788759 1.6 7.413241 6.525028 349.5002 0 0.05667211 -0.09135161 0.005207337 0.9941912
7.5095 FirstCar -7.689467 0.025 2.97 0 90 0 0 0.7071068 0 0.7071068 1.503089 0
7.5095 SecondCar 6.71 0.025 -7.909912 0 0 0 0 0 0 1 1.545669 0
7.5109 Head 0.2788759 1.6 7.414962 6.525028 349.5002 0 0.05667211 -0.09135161 0.005207337 0.9941912
7.5109 FirstCar -7.687408 0.025 2.97 0 90 0 0 0.7071068 0 0.7071068 1.499796 0
7.5109 SecondCar 6.71 0.025 -7.907795 0 0 0 0 0 0 1 1.542375 0
7.5122 Head 0.2788759 1.6 7.416759 6.525028 349.5002 0 0.05667211 -0.09135161 0.005207337 0.9941912
7.5122 FirstCar -7.68549 0.025 2.97 0 90 0 0 0.7071068 0 0.7071068 1.496719 0
7.5122 SecondCar 6.71 0.025 -7.905821 0 0 0 0 0 0 1 1.539298 0
7.5134 Head 0.2788759 1.6 7.418439 6.525028 349.5002 0 0.05667211 -0.09135161 0.005207337 0.9941912
7.5134 FirstCar -7.683578 0.025 2.97 0 90 0 0 0.7071068 0 0.7071068 1.493647 0
7.5134 SecondCar 6.71 0.025 -7.903855 0 0 0 0 0 0 1 1.536226 0
7.5147 Head 0.2788759 1.6 7.420116 6.525028 349.5002 0 0.05667211 -0.09135161 0.005207337 0.9941912
7.5147 FirstCar -7.681664 0.025 2.97 0 90 0 0 0.7071068 0 0.7071068 1.490564 0
7.5147 SecondCar 6.71 0.025 -7.901886 0 0 0 0 0 0 1 1.533144 0
7.5160 Head 0.2788759 1.6 7.421799 6.525028 349.5002 0 0.05667211 -0.09135161 0.005207337 0.9941912
7.5160 FirstCar -7.679733 0.025 2.97 0 90 0 0 0.7071068 0 0.7071068 1.48745 0
7.5160 SecondCar 6.71 0.025 -7.8999 0 0 0 0 0 0 1 1.530029 0
7.5174 Head 0.2788759 1.6 7.423499 6.525028 349.5002 0 0.05667211 -0.09135161 0.005207337 0.9941912
7.5174 FirstCar -7.677759 0.025 2.97 0 90 0 0 0.7071068 0 0.7071068 1.484257 0
7.5174 SecondCar 6.71 0.025 -7.897869 0 0 0 0 0 0 1 1.526837 0
7.5186 Head 0.2788759 1.6 7.425241 6.525028 349.5002 0 0.05667211 -0.09135161 0.005207337 0.9941912
7.5186 FirstCar -7.675889 0.025 2.97 0 90 0 0 0.7071068 0 0.7071068 1.481229 0
7.5186 SecondCar 6.71 0.025 -7.895947 0 0 0 0 0 0 1 1.523809 0
7.5199 Head 0.2788759 1.6 7.426894 6.525028 349.5002 0 0.05667211 -0.09135161 0.005207337 0.9941912
7.5199 FirstCar -7.673935 0.025 2.97 0 90 0 0 0.7071068 0 0.7071068 1.478055 0
7.5199 SecondCar 6.71 0.025 -7.893936 0 0 0 0 0 0 1 1.520635 0
7.5219 Head 0.2788759 1.6 7.428627 6.525028 349.5002 0 0.05667211 -0.09135161 0.005207337 0.9941912
7.5219 FirstCar -7.670987 0.025 2.97 0 90 0 0 0.7071068 0 0.7071068 1.473253 0
7.5219 SecondCar 6.71 0.025 -7.890903 0 0 0 0 0 0 1 1.515833 0
7.5234 Head 0.2788759 1.6 7.431248 6.525028 349.5002 0 0.05667211 -0.09135161 0.005207337 0.9941912
7.5234 FirstCar -7.668836 0.025 2.97 0 90 0 0 0.7071068 0 0.7071068 1.46974 0
7.5234 SecondCar 6.71 0.025 -7.888689 0 0 0 0 0 0 1 1.512319 0
7.5248 Head 0.2788759 1.6 7.433166 6.525028 349.5002 0 0.05667211 -0.09135161 0.005207337 0.9941912
7.5248 FirstCar -7.66682 0.025 2.97 0 90 0 0 0.7071068 0 0.7071068 1.46644 0
7.5248 SecondCar 6.71 0.025 -7.886614 0 0 0 0 0 0 1 1.50902 0
7.5264 Head 0.2788759 1.6 7.434967 6.525028 349.5002 0 0.05667211 -0.09135161 0.005207337 0.9941912
7.5264 FirstCar -7.664519 0.025 2.97 0 90 0 0 0.7071068 0 0.7071068 1.462666 0
7.5264 SecondCar 6.71 0.025 -7.884247 0 0 0 0 0 0 1 1.505246 0
7.5277 Head 0.2788759 1.6 7.437027 6.525028 349.5002 0 0.05667211 -0.09135161 0.005207337 0.9941912
7.5277 FirstCar -7.662487 0.025 2.97 0 90 0 0 0.7071068 0 0.7071068 1.459323 0
7.5277 SecondCar 6.71 0.025 -7.882155 0 0 0 0 0 0 1 1.501903 0
7.5291 Head 0.2788759 1.6 7.438851 6.525028 349.5002 0 0.05667211 -0.09135161 0.005207337 0.9941912
7.5291 FirstCar -7.66052 0.025 2.97 0 90 0 0 0.7071068 0 0.7071068 1.456082 0
7.5291 SecondCar 6.71 0.025 -7.880131 0 0 0 0 0 0 1 1.498662 0
7.5304 Head 0.2788759 1.6 7.44062 6.525028 349.5002 0 0.05667211 -0.09135161 0.005207337 0.9941912
7.5304 FirstCar -7.658617 0.025 2.97 0 90 0 0 0.7071068 0 0.7071068 1.452939 0
7.5304 SecondCar 6.71 0.025 -7.878172 0 0 0 0 0 0 1 1.495518 0
7.5317 Head 0.2788759 1.6 7.442336 6.525028 349.5002 0 0.05667211 -0.09135161 0.005207337 0.9941912
7.5317 FirstCar -7.65668 0.025 2.97 0 90 0 0 0.7071068 0 0.7071068 1.449732 0
7.5317 SecondCar 6.71 0.025 -7.876178 0 0 0 0 0 0 1 1.492311 0
7.5331 Head 0.2788759 1.6 7.444087 6.525028 349.5002 0 0.05667211 -0.09135161 0.005207337 0.9941912
7.5331 FirstCar -7.654769 0.025 2.97 0 90 0 0 0.7071068 0 0.7071068 1.446561 0
7.5331 SecondCar 6.71 0.025 -7.874211 0 0 0 0 0 0 1 1.489141 0
7.5344 Head 0.2788759 1.6 7.445817 6.525028 349.5002 0 0.05667211 -0.09135161 0.005207337 0.9941912
7.5344 FirstCar -7.652844 0.025 2.97 0 90 0 0 0.7071068 0 0.7071068 1.443361 0
7.5344 SecondCar 6.71 0.025 -7.87223 0 0 0 0 0 0 1 1.48594 0
7.5360 Head 0.2788759 1.6 7.447564 6.525028 349.5002 0 0.05667211 -0.09135161 0.005207337 0.9941912
7.5360 FirstCar -7.650601 0.025 2.97 0 90 0 0 0.7071068 0 0.7071068 1.439621 0
7.5360 SecondCar 6.71 0.025 -7.86992 0 0 0 0 0 0 1 1.482201 0
7.5374 Head 0.2788759 1.6 7.449605 6.525028 349.5002 0 0.05667211 -0.09135161 0.005207337 0.9941912
7.5374 FirstCar -7.648587 0.025 2.97 0 90 0 0 0.7071068 0 0.7071068 1.436256 0
7.5374 SecondCar 6.71 0.025 -7.867846 0 0 0 0 0 0 1 1.478835 0
7.5387 Head 0.2788759 1.6 7.451442 6.525028 349.5002 0 0.05667211 -0.09135161 0.005207337 0.9941912
7.5387 FirstCar -7.646646 0.025 2.97 0 90 0 0 0.7071068 0 0.7071068 1.433005 0
7.5387 SecondCar 6.71 0.025 -7.865848 0 0 0 0 0 0 1 1.475585 0
7.5400 Head 0.2788759 1.6 7.453216 6.525028 349.5002 0 0.05667211 -0.09135161 0.005207337 0.9941912
7.5400 FirstCar -7.64484 0.025 2.97 0 90 0 0 0.7071068 0 0.7071068 1.429975 0
7.5400 SecondCar 6.71 0.025 -7.863988 0 0 0 0 0 0 1 1.472555 0
7.5413 Head 0.2788759 1.6 7.45487 6.525028 349.5002 0 0.05667211 -0.09135161 0.005207337 0.9941912
7.5413 FirstCar -7.642915 0.025 2.97 0 90 0 0 0.7071068 0 0.7071068 1.426736 0
7.5413 SecondCar 6.71 0.025 -7.862005 0 0 0 0 0 0 1 1.469316 0
7.5426 Head 0.2788759 1.6 7.456638 6.525028 349.5002 0 0.05667211 -0.09135161 0.005207337 0.9941912
7.5426 FirstCar -7.641127 0.025 2.97 0 90 0 0 0.7071068 0 0.7071068 1.423721 0
7.5426 SecondCar 6.71 0.025 -7.860163 0 0 0 0 0 0 1 1.466301 0
7.5439 Head 0.2788759 1.6 7.458283 6.525028 349.5002 0 0.05667211 -0.09135161 0.005207337 0.9941912
7.5439 FirstCar -7.639302 0.025 2.97 0 90 0 0 0.7071068 0 0.7071068 1.420639 0
7.5439 SecondCar 6.71 0.025 -7.858284 0 0 0 0 0 0 1 1.463219 0
7.5452 Head 0.2788759 1.6 7.459966 6.525028 349.5002 0 0.05667211 -0.09135161 0.005207337 0.9941912
7.5452 FirstCar -7.637451 0.025 2.97 0 90 0 0 0.7071068 0 0.7071068 1.417504 0
7.5452 SecondCar 6.71 0.025 -7.856377 0 0 0 0 0 0 1 1.460084 0
7.5468 Head 0.2788759 1.6 7.461677 6.525028 349.5002 0 0.05667211 -0.09135161 0.005207337 0.9941912
7.5468 FirstCar -7.635206 0.025 2.97 0 90 0 0 0.7071068 0 0.7071068 1.413693 0
7.5468 SecondCar 6.71 0.025 -7.854064 0 0 0 0 0 0 1 1.456273 0
7.5481 Head 0.2788759 1.6 7.463757 6.525028 349.5002 0 0.05667211 -0.09135161 0.005207337 0.9941912
7.5481 FirstCar -7.633261 0.025 2.97 0 90 0 0 0.7071068 0 0.7071068 1.410384 0
7.5481 SecondCar 6.71 0.025 -7.852061 0 0 0 0 0 0 1 1.452964 0
7.5495 Head 0.2788759 1.6 7.465563 6.525028 349.5002 0 0.05667211 -0.09135161 0.005207337 0.9941912
7.5495 FirstCar -7.631334 0.025 2.97 0 90 0 0 0.7071068 0 0.7071068 1.407098 0
7.5495 SecondCar 6.71 0.025 -7.850076 0 0 0 0 0 0 1 1.449677 0
7.5516 Head 0.2788759 1.6 7.467357 6.525028 349.5002 0 0.05667211 -0.09135161 0.005207337 0.9941912
7.5516 FirstCar -7.628423 0.025 2.97 0 90 0 0 0.7071068 0 0.7071068 1.402114 0
7.5516 SecondCar 6.71 0.025 -7.847076 0 0 0 0 0 0 1 1.444694 0
7.5529 Head 0.2788759 1.6 7.470077 6.525028 349.5002 0 0.05667211 -0.09135161 0.005207337 0.9941912
7.5529 FirstCar -7.626601 0.025 2.97 0 90 0 0 0.7071068 0 0.7071068 1.398988 0
7.5529 SecondCar 6.71 0.025 -7.845199 0 0 0 0 0 0 1 1.441568 0
7.5542 Head 0.2788759 1.6 7.471783 6.525028 349.5002 0 0.05667211 -0.09135161 0.005207337 0.9941912
7.5542 FirstCar -7.624813 0.025 2.97 0 90 0 0 0.7071068 0 0.7071068 1.395915 0
7.5542 SecondCar 6.71 0.025 -7.843357 0 0 0 0 0 0 1 1.438495 0
7.5555 Head 0.2788759 1.6 7.473461 6.525028 349.5002 0 0.05667211 -0.09135161 0.005207337 0.9941912
7.5555 FirstCar -7.62302 0.025 2.97 0 90 0 0 0.7071068 0 0.7071068 1.392825 0
7.5555 SecondCar 6.71 0.025 -7.841508 0 0 0 0 0 0 1 1.435405 0
7.5568 Head 0.2788759 1.6 7.475147 6.525028 349.5002 0 0.05667211 -0.09135161 0.005207337 0.9941912
7.5568 FirstCar -7.621113 0.025 2.97 0 90 0 0 0.7071068 0 0.7071068 1.389532 0
7.5568 SecondCar 6.71 0.025 -7.839543 0 0 0 0 0 0 1 1.432112 0
7.5582 Head 0.2788759 1.6 7.476945 6.525028 349.5002 0 0.05667211 -0.09135161 0.005207337 0.9941912
7.5582 FirstCar -7.619225 0.025 2.97 0 90 0 0 0.7071068 0 0.7071068 1.386263 0
7.5582 SecondCar 6.71 0.025 -7.837597 0 0 0 0 0 0 1 1.428842 0
7.5596 Head 0.2788759 1.6 7.478729 6.525028 349.5002 0 0.05667211 -0.09135161 0.005207337 0.9941912
7.5596 FirstCar -7.617308 0.025 2.97 0 90 0 0 0.7071068 0 0.7071068 1.382935 0
7.5596 SecondCar 6.71 0.025 -7.83562 0 0 0 0 0 0 1 1.425515 0
7.5608 Head 0.2788759 1.6 7.480546 6.525028 349.5002 0 0.05667211 -0.09135161 0.005207337 0.9941912
7.5608 FirstCar -7.615566 0.025 2.97 0 90 0 0 0.7071068 0 0.7071068 1.379907 0
7.5608 SecondCar 6.71 0.025 -7.833826 0 0 0 0 0 0 1 1.422486 0
7.5620 Head 0.2788759 1.6 7.482199 6.525028 349.5002 0 0.05667211 -0.09135161 0.005207337 0.9941912
7.5620 FirstCar -7.613899 0.025 2.97 0 90 0 0 0.7071068 0 0.7071068 1.377001 0
7.5620 SecondCar 6.71 0.025 -7.832107 0 0 0 0 0 0 1 1.419581 0
7.5633 Head 0.2788759 1.6 7.483785 6.525028 349.5002 0 0.05667211 -0.09135161 0.005207337 0.9941912
7.5633 FirstCar -7.612134 0.025 2.97 0 90 0 0 0.7071068 0 0.7071068 1.373917 0
7.5633 SecondCar 6.71 0.025 -7.830287 0 0 0 0 0 0 1 1.416496 0
7.5646 Head 0.2788759 1.6 7.485468 6.525028 349.5002 0 0.05667211 -0.09135161 0.005207337 0.9941912
7.5646 FirstCar -7.610413 0.025 2.97 0 90 0 0 0.7071068 0 0.7071068 1.370904 0
7.5646 SecondCar 6.71 0.025 -7.828513 0 0 0 0 0 0 1 1.413484 0
7.5661 Head 0.2788759 1.6 7.487113 6.525028 349.5002 0 0.05667211 -0.09135161 0.005207337 0.9941912
7.5661 FirstCar -7.608326 0.025 2.97 0 90 0 0 0.7071068 0 0.7071068 1.36724 0
7.5661 SecondCar 6.71 0.025 -7.82636 0 0 0 0 0 0 1 1.40982 0
7.5674 Head 0.2788759 1.6 7.489112 6.525028 349.5002 0 0.05667211 -0.09135161 0.005207337 0.9941912
7.5674 FirstCar -7.60657 0.025 2.97 0 90 0 0 0.7071068 0 0.7071068 1.364152 0
7.5674 SecondCar 6.71 0.025 -7.82455 0 0 0 0 0 0 1 1.406731 0
7.5686 Head 0.2788759 1.6 7.490798 6.525028 349.5002 0 0.05667211 -0.09135161 0.005207337 0.9941912
7.5686 FirstCar -7.604895 0.025 2.97 0 90 0 0 0.7071068 0 0.7071068 1.361197 0
7.5686 SecondCar 6.71 0.025 -7.822822 0 0 0 0 0 0 1 1.403777 0
7.5698 Head 0.2788759 1.6 7.492411 6.525028 349.5002 0 0.05667211 -0.09135161 0.005207337 0.9941912
7.5698 FirstCar -7.603271 0.025 2.97 0 90 0 0 0.7071068 0 0.7071068 1.358329 0
7.5698 SecondCar 6.71 0.025 -7.821147 0 0 0 0 0 0 1 1.400909 0
7.5710 Head 0.2788759 1.6 7.493977 6.525028 349.5002 0 0.05667211 -0.09135161 0.005207337 0.9941912
7.5710 FirstCar -7.601634 0.025 2.97 0 90 0 0 0.7071068 0 0.7071068 1.35543 0
7.5710 SecondCar 6.71 0.025 -7.819458 0 0 0 0 0 0 1 1.398009 0
7.5723 Head 0.2788759 1.6 7.495559 6.525028 349.5002 0 0.05667211 -0.09135161 0.005207337 0.9941912
7.5723 FirstCar -7.599978 0.025 2.97 0 90 0 0 0.7071068 0 0.7071068 1.352491 0
7.5723 SecondCar 6.71 0.025 -7.81775 0 0 0 0 0 0 1 1.395071 0
7.5735 Head 0.2788759 1.6 7.497163 6.525028 349.5002 0 0.05667211 -0.09135161 0.005207337 0.9941912
7.5735 FirstCar -7.598285 0.025 2.97 0 90 0 0 0.7071068 0 0.7071068 1.349481 0
7.5735 SecondCar 6.71 0.025 -7.816004 0 0 0 0 0 0 1 1.392061 0
7.5749 Head 0.2788759 1.6 7.498806 6.525028 349.5002 0 0.05667211 -0.09135161 0.005207337 0.9941912
7.5749 FirstCar -7.596404 0.025 2.97 0 90 0 0 0.7071068 0 0.7071068 1.346128 0
7.5749 SecondCar 6.71 0.025 -7.814064 0 0 0 0 0 0 1 1.388707 0
7.5762 Head 0.2788759 1.6 7.500637 6.525028 349.5002 0 0.05667211 -0.09135161 0.005207337 0.9941912
7.5762 FirstCar -7.594675 0.025 2.97 0 90 0 0 0.7071068 0 0.7071068 1.343038 0
7.5762 SecondCar 6.71 0.025 -7.81228 0 0 0 0 0 0 1 1.385617 0
7.5776 Head 0.2788759 1.6 7.502323 6.525028 349.5002 0 0.05667211 -0.09135161 0.005207337 0.9941912
7.5776 FirstCar -7.592852 0.025 2.97 0 90 0 0 0.7071068 0 0.7071068 1.339772 0
7.5776 SecondCar 6.71 0.025 -7.810399 0 0 0 0 0 0 1 1.382351 0
7.5789 Head 0.2788759 1.6 7.504106 6.525028 349.5002 0 0.05667211 -0.09135161 0.005207337 0.9941912
7.5789 FirstCar -7.591096 0.025 2.97 0 90 0 0 0.7071068 0 0.7071068 1.33662 0
7.5789 SecondCar 6.71 0.025 -7.808588 0 0 0 0 0 0 1 1.3792 0
7.5801 Head 0.2788759 1.6 7.505826 6.525028 349.5002 0 0.05667211 -0.09135161 0.005207337 0.9941912
7.5801 FirstCar -7.589394 0.025 2.97 0 90 0 0 0.7071068 0 0.7071068 1.333556 0
7.5801 SecondCar 6.71 0.025 -7.806831 0 0 0 0 0 0 1 1.376136 0
7.5814 Head 0.2788759 1.6 7.507499 6.525028 349.5002 0 0.05667211 -0.09135161 0.005207337 0.9941912
7.5814 FirstCar -7.587749 0.025 2.97 0 90 0 0 0.7071068 0 0.7071068 1.330589 0
7.5814 SecondCar 6.71 0.025 -7.805133 0 0 0 0 0 0 1 1.373168 0
7.5836 Head 0.2788759 1.6 7.509118 6.525028 349.5002 0 0.05667211 -0.09135161 0.005207337 0.9941912
7.5836 FirstCar -7.584782 0.025 2.97 0 90 0 0 0.7071068 0 0.7071068 1.325216 0
7.5836 SecondCar 6.71 0.025 -7.802071 0 0 0 0 0 0 1 1.367795 0
7.5849 Head 0.2788759 1.6 7.512051 6.525028 349.5002 0 0.05667211 -0.09135161 0.005207337 0.9941912
7.5849 FirstCar -7.583051 0.025 2.97 0 90 0 0 0.7071068 0 0.7071068 1.322073 0
7.5849 SecondCar 6.71 0.025 -7.800284 0 0 0 0 0 0 1 1.364653 0
7.5865 Head 0.2788759 1.6 7.513766 6.525028 349.5002 0 0.05667211 -0.09135161 0.005207337 0.9941912
7.5865 FirstCar -7.581028 0.025 2.97 0 90 0 0 0.7071068 0 0.7071068 1.318391 0
7.5865 SecondCar 6.71 0.025 -7.798196 0 0 0 0 0 0 1 1.360971 0
7.5878 Head 0.2788759 1.6 7.515776 6.525028 349.5002 0 0.05667211 -0.09135161 0.005207337 0.9941912
7.5878 FirstCar -7.579278 0.025 2.97 0 90 0 0 0.7071068 0 0.7071068 1.315199 0
7.5878 SecondCar 6.71 0.025 -7.79639 0 0 0 0 0 0 1 1.357778 0
7.5890 Head 0.2788759 1.6 7.517519 6.525028 349.5002 0 0.05667211 -0.09135161 0.005207337 0.9941912
7.5890 FirstCar -7.577655 0.025 2.97 0 90 0 0 0.7071068 0 0.7071068 1.31223 0
7.5890 SecondCar 6.71 0.025 -7.794714 0 0 0 0 0 0 1 1.35481 0
7.5903 Head 0.2788759 1.6 7.519139 6.525028 349.5002 0 0.05667211 -0.09135161 0.005207337 0.9941912
7.5903 FirstCar -7.575994 0.025 2.97 0 90 0 0 0.7071068 0 0.7071068 1.309184 0
7.5903 SecondCar 6.71 0.025 -7.792998 0 0 0 0 0 0 1 1.351763 0
7.5915 Head 0.2788759 1.6 7.520802 6.525028 349.5002 0 0.05667211 -0.09135161 0.005207337 0.9941912
7.5915 FirstCar -7.574389 0.025 2.97 0 90 0 0 0.7071068 0 0.7071068 1.306236 0
7.5915 SecondCar 6.71 0.025 -7.791341 0 0 0 0 0 0 1 1.348815 0
7.5928 Head 0.2788759 1.6 7.522411 6.525028 349.5002 0 0.05667211 -0.09135161 0.005207337 0.9941912
7.5928 FirstCar -7.572709 0.025 2.97 0 90 0 0 0.7071068 0 0.7071068 1.303141 0
7.5928 SecondCar 6.71 0.025 -7.789606 0 0 0 0 0 0 1 1.34572 0
7.5941 Head 0.2788759 1.6 7.5241 6.525028 349.5002 0 0.05667211 -0.09135161 0.005207337 0.9941912
7.5941 FirstCar -7.571096 0.025 2.97 0 90 0 0 0.7071068 0 0.7071068 1.300164 0
7.5941 SecondCar 6.71 0.025 -7.787941 0 0 0 0 0 0 1 1.342744 0
7.5953 Head 0.2788759 1.6 7.525725 6.525028 349.5002 0 0.05667211 -0.09135161 0.005207337 0.9941912
7.5953 FirstCar -7.569442 0.025 2.97 0 90 0 0 0.7071068 0 0.7071068 1.297103 0
7.5953 SecondCar 6.71 0.025 -7.786232 0 0 0 0 0 0 1 1.339682 0
7.5969 Head 0.2788759 1.6 7.527396 6.525028 349.5002 0 0.05667211 -0.09135161 0.005207337 0.9941912
7.5969 FirstCar -7.567434 0.025 2.97 0 90 0 0 0.7071068 0 0.7071068 1.293377 0
7.5969 SecondCar 6.71 0.025 -7.784158 0 0 0 0 0 0 1 1.335956 0
7.5983 Head 0.2788759 1.6 7.529429 6.525028 349.5002 0 0.05667211 -0.09135161 0.005207337 0.9941912
7.5983 FirstCar -7.565561 0.025 2.97 0 90 0 0 0.7071068 0 0.7071068 1.289892 0
7.5983 SecondCar 6.71 0.025 -7.782223 0 0 0 0 0 0 1 1.332471 0
7.5997 Head 0.2788759 1.6 7.531332 6.525028 349.5002 0 0.05667211 -0.09135161 0.005207337 0.9941912
7.5997 FirstCar -7.563767 0.025 2.97 0 90 0 0 0.7071068 0 0.7071068 1.286546 0
7.5997 SecondCar 6.71 0.025 -7.78037 0 0 0 0 0 0 1 1.329125 0
7.6012 Head 0.2788759 1.6 7.533158 6.525028 349.5002 0 0.05667211 -0.09135161 0.005207337 0.9941912
7.6012 FirstCar -7.561873 0.025 2.97 0 90 0 0 0.7071068 0 0.7071068 1.283003 0
7.6012 SecondCar 6.71 0.025 -7.778413 0 0 0 0 0 0 1 1.325583 0
7.6026 Head 0.2788759 1.6 7.535091 6.525028 349.5002 0 0.05667211 -0.09135161 0.005207337 0.9941912
7.6026 FirstCar -7.560158 0.025 2.97 0 90 0 0 0.7071068 0 0.7071068 1.279788 0
7.6026 SecondCar 6.71 0.025 -7.776641 0 0 0 0 0 0 1 1.322367 0
7.6039 Head 0.2788759 1.6 7.536847 6.525028 349.5002 0 0.05667211 -0.09135161 0.005207337 0.9941912
7.6039 FirstCar -7.558438 0.025 2.97 0 90 0 0 0.7071068 0 0.7071068 1.276553 0
7.6039 SecondCar 6.71 0.025 -7.774864 0 0 0 0 0 0 1 1.319133 0
7.6055 Head 0.2788759 1.6 7.538612 6.525028 349.5002 0 0.05667211 -0.09135161 0.005207337 0.9941912
7.6055 FirstCar -7.556419 0.025 2.97 0 90 0 0 0.7071068 0 0.7071068 1.272747 0
7.6055 SecondCar 6.71 0.025 -7.772778 0 0 0 0 0 0 1 1.315327 0
7.6068 Head 0.2788759 1.6 7.540689 6.525028 349.5002 0 0.05667211 -0.09135161 0.005207337 0.9941912
7.6068 FirstCar -7.55475 0.025 2.97 0 90 0 0 0.7071068 0 0.7071068 1.269592 0
7.6068 SecondCar 6.71 0.025 -7.771053 0 0 0 0 0 0 1 1.312172 0
7.6082 Head 0.2788759 1.6 7.542412 6.525028 349.5002 0 0.05667211 -0.09135161 0.005207337 0.9941912
7.6082 FirstCar -7.553025 0.025 2.97 0 90 0 0 0.7071068 0 0.7071068 1.266322 0
7.6082 SecondCar 6.71 0.025 -7.769269 0 0 0 0 0 0 1 1.308901 0
7.6095 Head 0.2788759 1.6 7.544197 6.525028 349.5002 0 0.05667211 -0.09135161 0.005207337 0.9941912
7.6095 FirstCar -7.551312 0.025 2.97 0 90 0 0 0.7071068 0 0.7071068 1.263068 0
7.6095 SecondCar 6.71 0.025 -7.767499 0 0 0 0 0 0 1 1.305647 0
7.6108 Head 0.2788759 1.6 7.545973 6.525028 349.5002 0 0.05667211 -0.09135161 0.005207337 0.9941912
7.6108 FirstCar -7.549666 0.025 2.97 0 90 0 0 0.7071068 0 0.7071068 1.259931 0
7.6108 SecondCar 6.71 0.025 -7.765797 0 0 0 0 0 0 1 1.302511 0
7.6121 Head 0.2788759 1.6 7.547685 6.525028 349.5002 0 0.05667211 -0.09135161 0.005207337 0.9941912
7.6121 FirstCar -7.548055 0.025 2.97 0 90 0 0 0.7071068 0 0.7071068 1.256856 0
7.6121 SecondCar 6.71 0.025 -7.764132 0 0 0 0 0 0 1 1.299435 0
7.6139 Head 0.2788759 1.6 7.549364 6.525028 349.5002 0 0.05667211 -0.09135161 0.005207337 0.9941912
7.6139 FirstCar -7.545851 0.025 2.97 0 90 0 0 0.7071068 0 0.7071068 1.252633 0
7.6139 SecondCar 6.71 0.025 -7.761853 0 0 0 0 0 0 1 1.295213 0
7.6153 Head 0.2788759 1.6 7.551669 6.525028 349.5002 0 0.05667211 -0.09135161 0.005207337 0.9941912
7.6153 FirstCar -7.544067 0.025 2.97 0 90 0 0 0.7071068 0 0.7071068 1.249205 0
7.6153 SecondCar 6.71 0.025 -7.760008 0 0 0 0 0 0 1 1.291785 0
7.6166 Head 0.2788759 1.6 7.55354 6.525028 349.5002 0 0.05667211 -0.09135161 0.005207337 0.9941912
7.6166 FirstCar -7.542402 0.025 2.97 0 90 0 0 0.7071068 0 0.7071068 1.245999 0
7.6166 SecondCar 6.71 0.025 -7.758286 0 0 0 0 0 0 1 1.288579 0
7.6180 Head 0.2788759 1.6 7.55529 6.525028 349.5002 0 0.05667211 -0.09135161 0.005207337 0.9941912
7.6180 FirstCar -7.54064 0.025 2.97 0 90 0 0 0.7071068 0 0.7071068 1.242596 0
7.6180 SecondCar 6.71 0.025 -7.756464 0 0 0 0 0 0 1 1.285175 0
7.6194 Head 0.2788759 1.6 7.557148 6.525028 349.5002 0 0.05667211 -0.09135161 0.005207337 0.9941912
7.6194 FirstCar -7.539009 0.025 2.97 0 90 0 0 0.7071068 0 0.7071068 1.239438 0
7.6194 SecondCar 6.71 0.025 -7.754777 0 0 0 0 0 0 1 1.282017 0
7.6207 Head 0.2788759 1.6 7.558871 6.525028 349.5002 0 0.05667211 -0.09135161 0.005207337 0.9941912
7.6207 FirstCar -7.537389 0.025 2.97 0 90 0 0 0.7071068 0 0.7071068 1.236293 0
7.6207 SecondCar 6.71 0.025 -7.753101 0 0 0 0 0 0 1 1.278873 0
7.6220 Head 0.2788759 1.6 7.560587 6.525028 349.5002 0 0.05667211 -0.09135161 0.005207337 0.9941912
7.6220 FirstCar -7.535801 0.025 2.97 0 90 0 0 0.7071068 0 0.7071068 1.233203 0
7.6220 SecondCar 6.71 0.025 -7.751459 0 0 0 0 0 0 1 1.275783 0
7.6233 Head 0.2788759 1.6 7.562274 6.525028 349.5002 0 0.05667211 -0.09135161 0.005207337 0.9941912
7.6233 FirstCar -7.534101 0.025 2.97 0 90 0 0 0.7071068 0 0.7071068 1.229886 0
7.6233 SecondCar 6.71 0.025 -7.7497 0 0 0 0 0 0 1 1.272465 0
7.6247 Head 0.2788759 1.6 7.564085 6.525028 349.5002 0 0.05667211 -0.09135161 0.005207337 0.9941912
7.6247 FirstCar -7.532433 0.025 2.97 0 90 0 0 0.7071068 0 0.7071068 1.226621 0
7.6247 SecondCar 6.71 0.025 -7.747973 0 0 0 0 0 0 1 1.269201 0
7.6263 Head 0.2788759 1.6 7.565867 6.525028 349.5002 0 0.05667211 -0.09135161 0.005207337 0.9941912
7.6263 FirstCar -7.530481 0.025 2.97 0 90 0 0 0.7071068 0 0.7071068 1.222791 0
7.6263 SecondCar 6.71 0.025 -7.745954 0 0 0 0 0 0 1 1.265371 0
7.6277 Head 0.2788759 1.6 7.567957 6.525028 349.5002 0 0.05667211 -0.09135161 0.005207337 0.9941912
7.6277 FirstCar -7.528761 0.025 2.97 0 90 0 0 0.7071068 0 0.7071068 1.219406 0
7.6277 SecondCar 6.71 0.025 -7.744174 0 0 0 0 0 0 1 1.261985 0
7.6292 Head 0.2788759 1.6 7.569805 6.525028 349.5002 0 0.05667211 -0.09135161 0.005207337 0.9941912
7.6292 FirstCar -7.526952 0.025 2.97 0 90 0 0 0.7071068 0 0.7071068 1.215834 0
7.6292 SecondCar 6.71 0.025 -7.742301 0 0 0 0 0 0 1 1.258414 0
7.6305 Head 0.2788759 1.6 7.571755 6.525028 349.5002 0 0.05667211 -0.09135161 0.005207337 0.9941912
7.6305 FirstCar -7.525321 0.025 2.97 0 90 0 0 0.7071068 0 0.7071068 1.212607 0
7.6305 SecondCar 6.71 0.025 -7.740613 0 0 0 0 0 0 1 1.255186 0
7.6318 Head 0.2788759 1.6 7.573516 6.525028 349.5002 0 0.05667211 -0.09135161 0.005207337 0.9941912
7.6318 FirstCar -7.523765 0.025 2.97 0 90 0 0 0.7071068 0 0.7071068 1.209518 0
7.6318 SecondCar 6.71 0.025 -7.739002 0 0 0 0 0 0 1 1.252098 0
7.6331 Head 0.2788759 1.6 7.575202 6.525028 349.5002 0 0.05667211 -0.09135161 0.005207337 0.9941912
7.6331 FirstCar -7.522236 0.025 2.97 0 90 0 0 0.7071068 0 0.7071068 1.206478 0
7.6331 SecondCar 6.71 0.025 -7.73742 0 0 0 0 0 0 1 1.249058 0
7.6344 Head 0.2788759 1.6 7.576861 6.525028 349.5002 0 0.05667211 -0.09135161 0.005207337 0.9941912
7.6344 FirstCar -7.520621 0.025 2.97 0 90 0 0 0.7071068 0 0.7071068 1.203256 0
7.6344 SecondCar 6.71 0.025 -7.735747 0 0 0 0 0 0 1 1.245836 0
7.6357 Head 0.2788759 1.6 7.57862 6.525028 349.5002 0 0.05667211 -0.09135161 0.005207337 0.9941912
7.6357 FirstCar -7.519101 0.025 2.97 0 90 0 0 0.7071068 0 0.7071068 1.200217 0
7.6357 SecondCar 6.71 0.025 -7.734173 0 0 0 0 0 0 1 1.242796 0
7.6370 Head 0.2788759 1.6 7.580279 6.525028 349.5002 0 0.05667211 -0.09135161 0.005207337 0.9941912
7.6370 FirstCar -7.517567 0.025 2.97 0 90 0 0 0.7071068 0 0.7071068 1.197143 0
7.6370 SecondCar 6.71 0.025 -7.732585 0 0 0 0 0 0 1 1.239722 0
7.6382 Head 0.2788759 1.6 7.581957 6.525028 349.5002 0 0.05667211 -0.09135161 0.005207337 0.9941912
7.6382 FirstCar -7.516085 0.025 2.97 0 90 0 0 0.7071068 0 0.7071068 1.194163 0
7.6382 SecondCar 6.71 0.025 -7.73105 0 0 0 0 0 0 1 1.236743 0
7.6395 Head 0.2788759 1.6 7.583583 6.525028 349.5002 0 0.05667211 -0.09135161 0.005207337 0.9941912
7.6395 FirstCar -7.514592 0.025 2.97 0 90 0 0 0.7071068 0 0.7071068 1.191156 0
7.6395 SecondCar 6.71 0.025 -7.729504 0 0 0 0 0 0 1 1.233735 0
7.6408 Head 0.2788759 1.6 7.585225 6.525028 349.5002 0 0.05667211 -0.09135161 0.005207337 0.9941912
7.6408 FirstCar -7.513006 0.025 2.97 0 90 0 0 0.7071068 0 0.7071068 1.187951 0
7.6408 SecondCar 6.71 0.025 -7.72786 0 0 0 0 0 0 1 1.230531 0
7.6422 Head 0.2788759 1.6 7.586974 6.525028 349.5002 0 0.05667211 -0.09135161 0.005207337 0.9941912
7.6422 FirstCar -7.511401 0.025 2.97 0 90 0 0 0.7071068 0 0.7071068 1.1847 0
7.6422 SecondCar 6.71 0.025 -7.726198 0 0 0 0 0 0 1 1.227279 0
7.6435 Head 0.2788759 1.6 7.588749 6.525028 349.5002 0 0.05667211 -0.09135161 0.005207337 0.9941912
7.6435 FirstCar -7.509787 0.025 2.97 0 90 0 0 0.7071068 0 0.7071068 1.181421 0
7.6435 SecondCar 6.71 0.025 -7.724525 0 0 0 0 0 0 1 1.224 0
7.6451 Head 0.2788759 1.6 7.590539 6.525028 349.5002 0 0.05667211 -0.09135161 0.005207337 0.9941912
7.6451 FirstCar -7.507914 0.025 2.97 0 90 0 0 0.7071068 0 0.7071068 1.177603 0
7.6451 SecondCar 6.71 0.025 -7.722585 0 0 0 0 0 0 1 1.220183 0
7.6468 Head 0.2788759 1.6 7.592622 6.525028 349.5002 0 0.05667211 -0.09135161 0.005207337 0.9941912
7.6468 FirstCar -7.50592 0.025 2.97 0 90 0 0 0.7071068 0 0.7071068 1.173526 0
7.6468 SecondCar 6.71 0.025 -7.720519 0 0 0 0 0 0 1 1.216106 0
7.6481 Head 0.2788759 1.6 7.594848 6.525028 349.5002 0 0.05667211 -0.09135161 0.005207337 0.9941912
7.6481 FirstCar -7.50443 0.025 2.97 0 90 0 0 0.7071068 0 0.7071068 1.170469 0
7.6481 SecondCar 6.71 0.025 -7.718974 0 0 0 0 0 0 1 1.213049 0
7.6495 Head 0.2788759 1.6 7.596516 6.525028 349.5002 0 0.05667211 -0.09135161 0.005207337 0.9941912
7.6495 FirstCar -7.502797 0.025 2.97 0 90 0 0 0.7071068 0 0.7071068 1.167112 0
7.6495 SecondCar 6.71 0.025 -7.717281 0 0 0 0 0 0 1 1.209692 0
7.6508 Head 0.2788759 1.6 7.598349 6.525028 349.5002 0 0.05667211 -0.09135161 0.005207337 0.9941912
7.6508 FirstCar -7.501261 0.025 2.97 0 90 0 0 0.7071068 0 0.7071068 1.163944 0
7.6508 SecondCar 6.71 0.025 -7.715689 0 0 0 0 0 0 1 1.206524 0
7.6524 Head 0.2788759 1.6 7.600078 6.525028 349.5002 0 0.05667211 -0.09135161 0.005207337 0.9941912
7.6524 FirstCar -7.49947 0.025 2.97 0 90 0 0 0.7071068 0 0.7071068 1.160241 0
7.6524 SecondCar 6.71 0.025 -7.713832 0 0 0 0 0 0 1 1.20282 0
7.6537 Head 0.2788759 1.6 7.602099 6.525028 349.5002 0 0.05667211 -0.09135161 0.005207337 0.9941912
7.6537 FirstCar -7.497903 0.025 2.97 0 90 0 0 0.7071068 0 0.7071068 1.156991 0
7.6537 SecondCar 6.71 0.025 -7.712208 0 0 0 0 0 0 1 1.19957 0
7.6551 Head 0.2788759 1.6 7.603873 6.525028 349.5002 0 0.05667211 -0.09135161 0.005207337 0.9941912
7.6551 FirstCar -7.496294 0.025 2.97 0 90 0 0 0.7071068 0 0.7071068 1.153642 0
7.6551 SecondCar 6.71 0.025 -7.710539 0 0 0 0 0 0 1 1.196222 0
7.6565 Head 0.2788759 1.6 7.605701 6.525028 349.5002 0 0.05667211 -0.09135161 0.005207337 0.9941912
7.6565 FirstCar -7.494657 0.025 2.97 0 90 0 0 0.7071068 0 0.7071068 1.150228 0
7.6565 SecondCar 6.71 0.025 -7.708842 0 0 0 0 0 0 1 1.192807 0
7.6578 Head 0.2788759 1.6 7.607565 6.525028 349.5002 0 0.05667211 -0.09135161 0.005207337 0.9941912
7.6578 FirstCar -7.493153 0.025 2.97 0 90 0 0 0.7071068 0 0.7071068 1.14708 0
7.6578 SecondCar 6.71 0.025 -7.707282 0 0 0 0 0 0 1 1.189659 0
7.6595 Head 0.2788759 1.6 7.609283 6.525028 349.5002 0 0.05667211 -0.09135161 0.005207337 0.9941912
7.6595 FirstCar -7.491228 0.025 2.97 0 90 0 0 0.7071068 0 0.7071068 1.143039 0
7.6595 SecondCar 6.71 0.025 -7.705286 0 0 0 0 0 0 1 1.185618 0
7.6610 Head 0.2788759 1.6 7.611489 6.525028 349.5002 0 0.05667211 -0.09135161 0.005207337 0.9941912
7.6610 FirstCar -7.48959 0.025 2.97 0 90 0 0 0.7071068 0 0.7071068 1.139588 0
7.6610 SecondCar 6.71 0.025 -7.703586 0 0 0 0 0 0 1 1.182168 0
7.6625 Head 0.2788759 1.6 7.613372 6.525028 349.5002 0 0.05667211 -0.09135161 0.005207337 0.9941912
7.6625 FirstCar -7.4878 0.025 2.97 0 90 0 0 0.7071068 0 0.7071068 1.135806 0
7.6625 SecondCar 6.71 0.025 -7.701728 0 0 0 0 0 0 1 1.178385 0
7.6638 Head 0.2788759 1.6 7.615437 6.525028 349.5002 0 0.05667211 -0.09135161 0.005207337 0.9941912
7.6638 FirstCar -7.486335 0.025 2.97 0 90 0 0 0.7071068 0 0.7071068 1.132704 0
7.6638 SecondCar 6.71 0.025 -7.700209 0 0 0 0 0 0 1 1.175283 0
7.6652 Head 0.2788759 1.6 7.61713 6.525028 349.5002 0 0.05667211 -0.09135161 0.005207337 0.9941912
7.6652 FirstCar -7.484825 0.025 2.97 0 90 0 0 0.7071068 0 0.7071068 1.129494 0
7.6652 SecondCar 6.71 0.025 -7.698642 0 0 0 0 0 0 1 1.172073 0
7.6667 Head 0.2788759 1.6 7.618882 6.525028 349.5002 0 0.05667211 -0.09135161 0.005207337 0.9941912
7.6667 FirstCar -7.483057 0.025 2.97 0 90 0 0 0.7071068 0 0.7071068 1.125726 0
7.6667 SecondCar 6.71 0.025 -7.696807 0 0 0 0 0 0 1 1.168305 0
7.6681 Head 0.2788759 1.6 7.620939 6.525028 349.5002 0 0.05667211 -0.09135161 0.005207337 0.9941912
7.6681 FirstCar -7.481579 0.025 2.97 0 90 0 0 0.7071068 0 0.7071068 1.122566 0
7.6681 SecondCar 6.71 0.025 -7.695273 0 0 0 0 0 0 1 1.165146 0
7.6693 Head 0.2788759 1.6 7.622663 6.525028 349.5002 0 0.05667211 -0.09135161 0.005207337 0.9941912
7.6693 FirstCar -7.480222 0.025 2.97 0 90 0 0 0.7071068 0 0.7071068 1.119656 0
7.6693 SecondCar 6.71 0.025 -7.693864 0 0 0 0 0 0 1 1.162236 0
7.6706 Head 0.2788759 1.6 7.624252 6.525028 349.5002 0 0.05667211 -0.09135161 0.005207337 0.9941912
7.6706 FirstCar -7.478781 0.025 2.97 0 90 0 0 0.7071068 0 0.7071068 1.116559 0
7.6706 SecondCar 6.71 0.025 -7.692369 0 0 0 0 0 0 1 1.159139 0
7.6718 Head 0.2788759 1.6 7.625942 6.525028 349.5002 0 0.05667211 -0.09135161 0.005207337 0.9941912
7.6718 FirstCar -7.477364 0.025 2.97 0 90 0 0 0.7071068 0 0.7071068 1.113506 0
7.6718 SecondCar 6.71 0.025 -7.690898 0 0 0 0 0 0 1 1.156085 0
7.6731 Head 0.2788759 1.6 7.627609 6.525028 349.5002 0 0.05667211 -0.09135161 0.005207337 0.9941912
7.6731 FirstCar -7.475938 0.025 2.97 0 90 0 0 0.7071068 0 0.7071068 1.110425 0
7.6731 SecondCar 6.71 0.025 -7.689417 0 0 0 0 0 0 1 1.153004 0
7.6751 Head 0.2788759 1.6 7.629291 6.525028 349.5002 0 0.05667211 -0.09135161 0.005207337 0.9941912
7.6751 FirstCar -7.473711 0.025 2.97 0 90 0 0 0.7071068 0 0.7071068 1.105591 0
7.6751 SecondCar 6.71 0.025 -7.687105 0 0 0 0 0 0 1 1.148171 0
7.6765 Head 0.2788759 1.6 7.631929 6.525028 349.5002 0 0.05667211 -0.09135161 0.005207337 0.9941912
7.6765 FirstCar -7.472227 0.025 2.97 0 90 0 0 0.7071068 0 0.7071068 1.10236 0
7.6765 SecondCar 6.71 0.025 -7.685564 0 0 0 0 0 0 1 1.144939 0
7.6778 Head 0.2788759 1.6 7.633693 6.525028 349.5002 0 0.05667211 -0.09135161 0.005207337 0.9941912
7.6778 FirstCar -7.470757 0.025 2.97 0 90 0 0 0.7071068 0 0.7071068 1.099151 0
7.6778 SecondCar 6.71 0.025 -7.684037 0 0 0 0 0 0 1 1.14173 0
7.6792 Head 0.2788759 1.6 7.635444 6.525028 349.5002 0 0.05667211 -0.09135161 0.005207337 0.9941912
7.6792 FirstCar -7.469279 0.025 2.97 0 90 0 0 0.7071068 0 0.7071068 1.095913 0
7.6792 SecondCar 6.71 0.025 -7.682501 0 0 0 0 0 0 1 1.138493 0
7.6805 Head 0.2788759 1.6 7.637211 6.525028 349.5002 0 0.05667211 -0.09135161 0.005207337 0.9941912
7.6805 FirstCar -7.467827 0.025 2.97 0 90 0 0 0.7071068 0 0.7071068 1.092723 0
7.6805 SecondCar 6.71 0.025 -7.680992 0 0 0 0 0 0 1 1.135303 0
7.6819 Head 0.2788759 1.6 7.638953 6.525028 349.5002 0 0.05667211 -0.09135161 0.005207337 0.9941912
7.6819 FirstCar -7.466307 0.025 2.97 0 90 0 0 0.7071068 0 0.7071068 1.089375 0
7.6819 SecondCar 6.71 0.025 -7.679412 0 0 0 0 0 0 1 1.131955 0
7.6833 Head 0.2788759 1.6 7.64078 6.525028 349.5002 0 0.05667211 -0.09135161 0.005207337 0.9941912
7.6833 FirstCar -7.464765 0.025 2.97 0 90 0 0 0.7071068 0 0.7071068 1.085966 0
7.6833 SecondCar 6.71 0.025 -7.677809 0 0 0 0 0 0 1 1.128545 0
7.6846 Head 0.2788759 1.6 7.642641 6.525028 349.5002 0 0.05667211 -0.09135161 0.005207337 0.9941912
7.6846 FirstCar -7.463356 0.025 2.97 0 90 0 0 0.7071068 0 0.7071068 1.082845 0
7.6846 SecondCar 6.71 0.025 -7.676346 0 0 0 0 0 0 1 1.125425 0
7.6862 Head 0.2788759 1.6 7.644344 6.525028 349.5002 0 0.05667211 -0.09135161 0.005207337 0.9941912
7.6862 FirstCar -7.461636 0.025 2.97 0 90 0 0 0.7071068 0 0.7071068 1.079017 0
7.6862 SecondCar 6.71 0.025 -7.674557 0 0 0 0 0 0 1 1.121596 0
7.6876 Head 0.2788759 1.6 7.646434 6.525028 349.5002 0 0.05667211 -0.09135161 0.005207337 0.9941912
7.6876 FirstCar -7.460181 0.025 2.97 0 90 0 0 0.7071068 0 0.7071068 1.075772 0
7.6876 SecondCar 6.71 0.025 -7.673045 0 0 0 0 0 0 1 1.118351 0
7.6888 Head 0.2788759 1.6 7.648205 6.525028 349.5002 0 0.05667211 -0.09135161 0.005207337 0.9941912
7.6888 FirstCar -7.458872 0.025 2.97 0 90 0 0 0.7071068 0 0.7071068 1.072844 0
7.6888 SecondCar 6.71 0.025 -7.671684 0 0 0 0 0 0 1 1.115423 0
7.6901 Head 0.2788759 1.6 7.649804 6.525028 349.5002 0 0.05667211 -0.09135161 0.005207337 0.9941912
7.6901 FirstCar -7.457428 0.025 2.97 0 90 0 0 0.7071068 0 0.7071068 1.069604 0
7.6901 SecondCar 6.71 0.025 -7.670182 0 0 0 0 0 0 1 1.112183 0
7.6915 Head 0.2788759 1.6 7.651572 6.525028 349.5002 0 0.05667211 -0.09135161 0.005207337 0.9941912
7.6915 FirstCar -7.456011 0.025 2.97 0 90 0 0 0.7071068 0 0.7071068 1.066414 0
7.6915 SecondCar 6.71 0.025 -7.668708 0 0 0 0 0 0 1 1.108993 0
7.6929 Head 0.2788759 1.6 7.653313 6.525028 349.5002 0 0.05667211 -0.09135161 0.005207337 0.9941912
7.6929 FirstCar -7.454477 0.025 2.97 0 90 0 0 0.7071068 0 0.7071068 1.062951 0
7.6929 SecondCar 6.71 0.025 -7.667113 0 0 0 0 0 0 1 1.105531 0
7.6942 Head 0.2788759 1.6 7.655203 6.525028 349.5002 0 0.05667211 -0.09135161 0.005207337 0.9941912
7.6942 FirstCar -7.453109 0.025 2.97 0 90 0 0 0.7071068 0 0.7071068 1.059854 0
7.6942 SecondCar 6.71 0.025 -7.66569 0 0 0 0 0 0 1 1.102434 0
7.6954 Head 0.2788759 1.6 7.656894 6.525028 349.5002 0 0.05667211 -0.09135161 0.005207337 0.9941912
7.6954 FirstCar -7.451785 0.025 2.97 0 90 0 0 0.7071068 0 0.7071068 1.056845 0
7.6954 SecondCar 6.71 0.025 -7.664312 0 0 0 0 0 0 1 1.099425 0
7.6967 Head 0.2788759 1.6 7.658536 6.525028 349.5002 0 0.05667211 -0.09135161 0.005207337 0.9941912
7.6967 FirstCar -7.450425 0.025 2.97 0 90 0 0 0.7071068 0 0.7071068 1.053749 0
7.6967 SecondCar 6.71 0.025 -7.662898 0 0 0 0 0 0 1 1.096329 0
7.6980 Head 0.2788759 1.6 7.660226 6.525028 349.5002 0 0.05667211 -0.09135161 0.005207337 0.9941912
7.6980 FirstCar -7.449115 0.025 2.97 0 90 0 0 0.7071068 0 0.7071068 1.050756 0
7.6980 SecondCar 6.71 0.025 -7.661534 0 0 0 0 0 0 1 1.093336 0
7.6992 Head 0.2788759 1.6 7.66186 6.525028 349.5002 0 0.05667211 -0.09135161 0.005207337 0.9941912
7.6992 FirstCar -7.447844 0.025 2.97 0 90 0 0 0.7071068 0 0.7071068 1.047846 0
7.6992 SecondCar 6.71 0.025 -7.660212 0 0 0 0 0 0 1 1.090425 0
7.7004 Head 0.2788759 1.6 7.663448 6.525028 349.5002 0 0.05667211 -0.09135161 0.005207337 0.9941912
7.7004 FirstCar -7.446551 0.025 2.97 0 90 0 0 0.7071068 0 0.7071068 1.044876 0
7.7004 SecondCar 6.71 0.025 -7.658866 0 0 0 0 0 0 1 1.087455 0
7.7017 Head 0.2788759 1.6 7.665069 6.525028 349.5002 0 0.05667211 -0.09135161 0.005207337 0.9941912
7.7017 FirstCar -7.445261 0.025 2.97 0 90 0 0 0.7071068 0 0.7071068 1.041906 0
7.7017 SecondCar 6.71 0.025 -7.657525 0 0 0 0 0 0 1 1.084485 0
7.7030 Head 0.2788759 1.6 7.66669 6.525028 349.5002 0 0.05667211 -0.09135161 0.005207337 0.9941912
7.7030 FirstCar -7.443919 0.025 2.97 0 90 0 0 0.7071068 0 0.7071068 1.038803 0
7.7030 SecondCar 6.71 0.025 -7.656126 0 0 0 0 0 0 1 1.081383 0
7.7043 Head 0.2788759 1.6 7.668384 6.525028 349.5002 0 0.05667211 -0.09135161 0.005207337 0.9941912
7.7043 FirstCar -7.442564 0.025 2.97 0 90 0 0 0.7071068 0 0.7071068 1.035663 0
7.7043 SecondCar 6.71 0.025 -7.654716 0 0 0 0 0 0 1 1.078243 0
7.7058 Head 0.2788759 1.6 7.670097 6.525028 349.5002 0 0.05667211 -0.09135161 0.005207337 0.9941912
7.7058 FirstCar -7.440968 0.025 2.97 0 90 0 0 0.7071068 0 0.7071068 1.031951 0
7.7058 SecondCar 6.71 0.025 -7.653054 0 0 0 0 0 0 1 1.074531 0
7.7076 Head 0.2788759 1.6 7.672123 6.525028 349.5002 0 0.05667211 -0.09135161 0.005207337 0.9941912
7.7076 FirstCar -7.439144 0.025 2.97 0 90 0 0 0.7071068 0 0.7071068 1.027692 0
7.7076 SecondCar 6.71 0.025 -7.651155 0 0 0 0 0 0 1 1.070271 0
7.7090 Head 0.2788759 1.6 7.674448 6.525028 349.5002 0 0.05667211 -0.09135161 0.005207337 0.9941912
7.7090 FirstCar -7.437723 0.025 2.97 0 90 0 0 0.7071068 0 0.7071068 1.024362 0
7.7090 SecondCar 6.71 0.025 -7.649674 0 0 0 0 0 0 1 1.066942 0
7.7103 Head 0.2788759 1.6 7.676266 6.525028 349.5002 0 0.05667211 -0.09135161 0.005207337 0.9941912
7.7103 FirstCar -7.436371 0.025 2.97 0 90 0 0 0.7071068 0 0.7071068 1.021185 0
7.7103 SecondCar 6.71 0.025 -7.648266 0 0 0 0 0 0 1 1.063765 0
7.7115 Head 0.2788759 1.6 7.678 6.525028 349.5002 0 0.05667211 -0.09135161 0.005207337 0.9941912
7.7115 FirstCar -7.435116 0.025 2.97 0 90 0 0 0.7071068 0 0.7071068 1.018227 0
7.7115 SecondCar 6.71 0.025 -7.646958 0 0 0 0 0 0 1 1.060806 0
7.7128 Head 0.2788759 1.6 7.679615 6.525028 349.5002 0 0.05667211 -0.09135161 0.005207337 0.9941912
7.7128 FirstCar -7.433838 0.025 2.97 0 90 0 0 0.7071068 0 0.7071068 1.015205 0
7.7128 SecondCar 6.71 0.025 -7.645627 0 0 0 0 0 0 1 1.057784 0
7.7140 Head 0.2788759 1.6 7.681264 6.525028 349.5002 0 0.05667211 -0.09135161 0.005207337 0.9941912
7.7140 FirstCar -7.432569 0.025 2.97 0 90 0 0 0.7071068 0 0.7071068 1.012195 0
7.7140 SecondCar 6.71 0.025 -7.644304 0 0 0 0 0 0 1 1.054774 0
7.7153 Head 0.2788759 1.6 7.682907 6.525028 349.5002 0 0.05667211 -0.09135161 0.005207337 0.9941912
7.7153 FirstCar -7.431303 0.025 2.97 0 90 0 0 0.7071068 0 0.7071068 1.009186 0
7.7153 SecondCar 6.71 0.025 -7.642985 0 0 0 0 0 0 1 1.051765 0
7.7166 Head 0.2788759 1.6 7.68455 6.525028 349.5002 0 0.05667211 -0.09135161 0.005207337 0.9941912
7.7166 FirstCar -7.429959 0.025 2.97 0 90 0 0 0.7071068 0 0.7071068 1.005979 0
7.7166 SecondCar 6.71 0.025 -7.641584 0 0 0 0 0 0 1 1.048558 0
7.7179 Head 0.2788759 1.6 7.6863 6.525028 349.5002 0 0.05667211 -0.09135161 0.005207337 0.9941912
7.7179 FirstCar -7.428727 0.025 2.97 0 90 0 0 0.7071068 0 0.7071068 1.003032 0
7.7179 SecondCar 6.71 0.025 -7.6403 0 0 0 0 0 0 1 1.045612 0
7.7191 Head 0.2788759 1.6 7.687909 6.525028 349.5002 0 0.05667211 -0.09135161 0.005207337 0.9941912
7.7191 FirstCar -7.427468 0.025 2.97 0 90 0 0 0.7071068 0 0.7071068 1.00001 0
7.7191 SecondCar 6.71 0.025 -7.638987 0 0 0 0 0 0 1 1.042589 0
7.7204 Head 0.2788759 1.6 7.689559 6.525028 349.5002 0 0.05667211 -0.09135161 0.005207337 0.9941912
7.7204 FirstCar -7.426237 0.025 2.97 0 90 0 0 0.7071068 0 0.7071068 0.9970474 0
7.7204 SecondCar 6.71 0.025 -7.637704 0 0 0 0 0 0 1 1.039627 0
7.7219 Head 0.2788759 1.6 7.691175 6.525028 349.5002 0 0.05667211 -0.09135161 0.005207337 0.9941912
7.7219 FirstCar -7.424729 0.025 2.97 0 90 0 0 0.7071068 0 0.7071068 0.9934042 0
7.7219 SecondCar 6.71 0.025 -7.636131 0 0 0 0 0 0 1 1.035984 0
7.7232 Head 0.2788759 1.6 7.693164 6.525028 349.5002 0 0.05667211 -0.09135161 0.005207337 0.9941912
7.7232 FirstCar -7.423417 0.025 2.97 0 90 0 0 0.7071068 0 0.7071068 0.9902236 0
7.7232 SecondCar 6.71 0.025 -7.634763 0 0 0 0 0 0 1 1.032803 0
7.7244 Head 0.2788759 1.6 7.6949 6.525028 349.5002 0 0.05667211 -0.09135161 0.005207337 0.9941912
7.7244 FirstCar -7.422211 0.025 2.97 0 90 0 0 0.7071068 0 0.7071068 0.9872925 0
7.7244 SecondCar 6.71 0.025 -7.633505 0 0 0 0 0 0 1 1.029872 0
7.7259 Head 0.2788759 1.6 7.6965 6.525028 349.5002 0 0.05667211 -0.09135161 0.005207337 0.9941912
7.7259 FirstCar -7.420732 0.025 2.97 0 90 0 0 0.7071068 0 0.7071068 0.9836829 0
7.7259 SecondCar 6.71 0.025 -7.631961 0 0 0 0 0 0 1 1.026262 0
7.7272 Head 0.2788759 1.6 7.69847 6.525028 349.5002 0 0.05667211 -0.09135161 0.005207337 0.9941912
7.7272 FirstCar -7.419487 0.025 2.97 0 90 0 0 0.7071068 0 0.7071068 0.980638 0
7.7272 SecondCar 6.71 0.025 -7.630663 0 0 0 0 0 0 1 1.023218 0
7.7284 Other FirstCar destroyed
7.7284 Other SecondCar destroyed
