11.2949 SecondCar 6.78595 0.025 -6.166533 0 354.7233 0 0 -0.04603196 0 0.99894 10 0
11.2963 Head -0.424985 1.6 7.649098 0.3749968 3.375032 0 0.003271039 0.02944829 -9.636881E-05 0.999561
11.2963 FirstCar -7.229222 0.025 2.97 0 90 0 0 0.7071068 0 0.7071068 0 0
11.2963 SecondCar 6.78616 0.025 -6.152783 0 354.6778 0 0 -0.04642848 0 0.9989216 10 0
11.2976 Head -0.424985 1.6 7.650872 0.3749968 3.375032 0 0.003271039 0.02944829 -9.636881E-05 0.999561
11.2976 FirstCar -7.229222 0.025 2.97 0 90 0 0 0.7071068 0 0.7071068 0 0
11.2976 SecondCar 6.78636 0.025 -6.139231 0 354.6329 0 0 -0.04681962 0 0.9989034 10 0
11.2990 Head -0.424985 1.6 7.652621 0.3749968 3.375032 0 0.003271039 0.02944829 -9.636881E-05 0.999561
11.2990 FirstCar -7.229222 0.025 2.97 0 90 0 0 0.7071068 0 0.7071068 0 0
11.2990 SecondCar 6.786557 0.025 -6.125503 0 354.5874 0 0 -0.0472162 0 0.9988847 10 0
11.3003 Head -0.424985 1.6 7.654394 0.3749968 3.375032 0 0.003271039 0.02944829 -9.636881E-05 0.999561
11.3003 FirstCar -7.229222 0.025 2.97 0 90 0 0 0.7071068 0 0.7071068 0 0
11.3003 SecondCar 6.786746 0.025 -6.111789 0 354.5419 0 0 -0.04761268 0 0.9988659 10 0
11.3016 Head -0.424985 1.6 7.656166 0.3749968 3.375032 0 0.003271039 0.02944829 -9.636881E-05 0.999561
11.3016 FirstCar -7.229222 0.025 2.97 0 90 0 0 0.7071068 0 0.7071068 0 0
11.3016 SecondCar 6.786925 0.025 -6.098202 0 354.4968 0 0 -0.04800581 0 0.9988471 10 0
11.3030 Head -0.424985 1.6 7.657923 0.3749968 3.375032 0 0.003271039 0.02944829 -9.636881E-05 0.999561
11.3030 FirstCar -7.229222 0.025 2.97 0 90 0 0 0.7071068 0 0.7071068 0 0
11.3030 SecondCar 6.787096 0.025 -6.084804 0 354.4523 0 0 -0.04839385 0 0.9988284 10 0
11.3044 Head -0.424985 1.6 7.659656 0.3749968 3.375032 0 0.003271039 0.02944829 -9.636881E-05 0.999561
11.3044 FirstCar -7.229222 0.025 2.97 0 90 0 0 0.7071068 0 0.7071068 0 0
11.3044 SecondCar 6.78727 0.025 -6.070523 0 354.4048 0 0 -0.04880775 0 0.9988082 10 0
11.3059 Head -0.424985 1.6 7.661505 0.3749968 3.375032 0 0.003271039 0.02944829 -9.636881E-05 0.999561
11.3059 FirstCar -7.229222 0.025 2.97 0 90 0 0 0.7071068 0 0.7071068 0 0
11.3059 SecondCar 6.787443 0.025 -6.055582 0 354.3551 0 0 -0.04924122 0 0.9987869 10 0
11.3073 Head -0.424985 1.6 7.66344 0.3749968 3.375032 0 0.003271039 0.02944829 -9.636881E-05 0.999561
11.3073 FirstCar -7.229222 0.025 2.97 0 90 0 0 0.7071068 0 0.7071068 0 0
11.3073 SecondCar 6.787604 0.025 -6.041167 0 354.3071 0 0 -0.04965981 0 0.9987662 10 0
11.3086 Head -0.424985 1.6 7.665308 0.3749968 3.375032 0 0.003271039 0.02944829 -9.636881E-05 0.999561
11.3086 FirstCar -7.229222 0.025 2.97 0 90 0 0 0.7071068 0 0.7071068 0 0
11.3086 SecondCar 6.787747 0.025 -6.02755 0 354.2617 0 0 -0.05005556 0 0.9987465 10 0
11.3103 Head -0.424985 1.6 7.667075 0.3749968 3.375032 0 0.003271039 0.02944829 -9.636881E-05 0.999561
11.3103 FirstCar -7.229222 0.025 2.97 0 90 0 0 0.7071068 0 0.7071068 0 0
11.3103 SecondCar 6.787912 0.025 -6.010947 0 354.2062 0 0 -0.05053853 0 0.9987221 10 0
11.3116 Head -0.424985 1.6 7.669229 0.3749968 3.375032 0 0.003271039 0.02944829 -9.636881E-05 0.999561
11.3116 FirstCar -7.229222 0.025 2.97 0 90 0 0 0.7071068 0 0.7071068 0 0
11.3116 SecondCar 6.788041 0.025 -5.997166 0 354.1602 0 0 -0.05093979 0 0.9987018 10 0
11.3129 Head -0.424985 1.6 7.671019 0.3749968 3.375032 0 0.003271039 0.02944829 -9.636881E-05 0.999561
11.3129 FirstCar -7.229222 0.025 2.97 0 90 0 0 0.7071068 0 0.7071068 0 0
11.3129 SecondCar 6.788156 0.025 -5.984111 0 354.1165 0 0 -0.05132023 0 0.9986823 10 0
11.3142 Head -0.424985 1.6 7.672715 0.3749968 3.375032 0 0.003271039 0.02944829 -9.636881E-05 0.999561
11.3142 FirstCar -7.229222 0.025 2.97 0 90 0 0 0.7071068 0 0.7071068 0 0
11.3142 SecondCar 6.788265 0.025 -5.971045 0 354.0728 0 0 -0.0517013 0 0.9986626 10 0
11.3156 Head -0.424985 1.6 7.674413 0.3749968 3.375032 0 0.003271039 0.02944829 -9.636881E-05 0.999561
11.3156 FirstCar -7.229222 0.025 2.97 0 90 0 0 0.7071068 0 0.7071068 0 0
11.3156 SecondCar 6.788374 0.025 -5.95723 0 354.0266 0 0 -0.05210456 0 0.9986417 10 0
11.3170 Head -0.424985 1.6 7.67621 0.3749968 3.375032 0 0.003271039 0.02944829 -9.636881E-05 0.999561
11.3170 FirstCar -7.229222 0.025 2.97 0 90 0 0 0.7071068 0 0.7071068 0 0
11.3170 SecondCar 6.788474 0.025 -5.943502 0 353.9805 0 0 -0.05250559 0 0.9986206 10 0
11.3182 Head -0.424985 1.6 7.677997 0.3749968 3.375032 0 0.003271039 0.02944829 -9.636881E-05 0.999561
11.3182 FirstCar -7.229222 0.025 2.97 0 90 0 0 0.7071068 0 0.7071068 0 0
11.3182 SecondCar 6.788561 0.025 -5.930662 0 353.9374 0 0 -0.05288103 0 0.9986008 10 0
11.3195 Head -0.424985 1.6 7.679669 0.3749968 3.375032 0 0.003271039 0.02944829 -9.636881E-05 0.999561
11.3195 FirstCar -7.229222 0.025 2.97 0 90 0 0 0.7071068 0 0.7071068 0 0
11.3195 SecondCar 6.788642 0.025 -5.91763 0 353.8937 0 0 -0.05326238 0 0.9985806 10 0
11.3208 Head -0.424985 1.6 7.681367 0.3749968 3.375032 0 0.003271039 0.02944829 -9.636881E-05 0.999561
11.3208 FirstCar -7.229222 0.025 2.97 0 90 0 0 0.7071068 0 0.7071068 0 0
11.3208 SecondCar 6.788715 0.025 -5.905127 0 353.8517 0 0 -0.05362855 0 0.998561 10 0
11.3221 Head -0.424985 1.6 7.682998 0.3749968 3.375032 0 0.003271039 0.02944829 -9.636881E-05 0.999561
11.3221 FirstCar -7.229222 0.025 2.97 0 90 0 0 0.7071068 0 0.7071068 0 0
11.3221 SecondCar 6.788783 0.025 -5.892121 0 353.8079 0 0 -0.05400971 0 0.9985404 10 0
11.3235 Head -0.424985 1.6 7.684694 0.3749968 3.375032 0 0.003271039 0.02944829 -9.636881E-05 0.999561
11.3235 FirstCar -7.229222 0.025 2.97 0 90 0 0 0.7071068 0 0.7071068 0 0
11.3235 SecondCar 6.788851 0.025 -5.878093 0 353.7607 0 0 -0.05442123 0 0.998518 10 0
11.3248 Head -0.424985 1.6 7.686525 0.3749968 3.375032 0 0.003271039 0.02944829 -9.636881E-05 0.999561
11.3248 FirstCar -7.229222 0.025 2.97 0 90 0 0 0.7071068 0 0.7071068 0 0
11.3248 SecondCar 6.788906 0.025 -5.864735 0 353.7157 0 0 -0.05481337 0 0.9984967 10 0
11.3261 Head -0.424985 1.6 7.68827 0.3749968 3.375032 0 0.003271039 0.02944829 -9.636881E-05 0.999561
11.3261 FirstCar -7.229222 0.025 2.97 0 90 0 0 0.7071068 0 0.7071068 0 0
11.3261 SecondCar 6.788954 0.025 -5.851919 0 353.6725 0 0 -0.05518992 0 0.9984759 10 0
11.3274 Head -0.424985 1.6 7.689944 0.3749968 3.375032 0 0.003271039 0.02944829 -9.636881E-05 0.999561
11.3274 FirstCar -7.229222 0.025 2.97 0 90 0 0 0.7071068 0 0.7071068 0 0
11.3274 SecondCar 6.788996 0.025 -5.838533 0 353.6273 0 0 -0.05558354 0 0.9984541 10 0
11.3287 Head -0.424985 1.6 7.691694 0.3749968 3.375032 0 0.003271039 0.02944829 -9.636881E-05 0.999561
11.3287 FirstCar -7.229222 0.025 2.97 0 90 0 0 0.7071068 0 0.7071068 0 0
11.3287 SecondCar 6.789032 0.025 -5.825436 0 353.5831 0 0 -0.05596901 0 0.9984325 10 0
11.3302 Head -0.424985 1.6 7.693408 0.3749968 3.375032 0 0.003271039 0.02944829 -9.636881E-05 0.999561
11.3302 FirstCar -7.229222 0.025 2.97 0 90 0 0 0.7071068 0 0.7071068 0 0
11.3302 SecondCar 6.789062 0.025 -5.810735 0 353.5334 0 0 -0.05640205 0 0.9984081 10 0
11.3317 Head -0.424985 1.6 7.695332 0.3749968 3.375032 0 0.003271039 0.02944829 -9.636881E-05 0.999561
11.3317 FirstCar -7.229222 0.025 2.97 0 90 0 0 0.7071068 0 0.7071068 0 0
11.3317 SecondCar 6.789085 0.025 -5.796032 0 353.4836 0 0 -0.05683552 0 0.9983836 10 0
11.3330 Head -0.424985 1.6 7.697258 0.3749968 3.375032 0 0.003271039 0.02944829 -9.636881E-05 0.999561
11.3330 FirstCar -7.229222 0.025 2.97 0 90 0 0 0.7071068 0 0.7071068 0 0
11.3330 SecondCar 6.789097 0.025 -5.78288 0 353.4391 0 0 -0.05722361 0 0.9983614 10 0
11.3343 Head -0.424985 1.6 7.698982 0.3749968 3.375032 0 0.003271039 0.02944829 -9.636881E-05 0.999561
11.3343 FirstCar -7.229222 0.025 2.97 0 90 0 0 0.7071068 0 0.7071068 0 0
11.3343 SecondCar 6.789103 0.025 -5.769624 0 353.3941 0 0 -0.05761512 0 0.9983389 10 0
11.3356 Other FirstCar destroyed
11.3356 Other SecondCar destroyed
