9.9893 Head -0.6220829 1.6 6.823828 1.125026 7.125341 0 0.00979857 0.06213728 -0.0006100648 0.9980193
9.9893 FirstCar -6.977552 0.025 2.97 0 90 0 0 0.7071068 0 0.7071068 0 1
9.9905 Head -0.6220829 1.6 6.82566 1.125026 7.125341 0 0.00979857 0.06213728 -0.0006100648 0.9980193
9.9905 FirstCar -6.977552 0.025 2.97 0 90 0 0 0.7071068 0 0.7071068 0 1
9.9918 Head -0.6220829 1.6 6.827323 1.125026 7.125341 0 0.00979857 0.06213728 -0.0006100648 0.9980193
9.9918 FirstCar -6.977552 0.025 2.97 0 90 0 0 0.7071068 0 0.7071068 0 1
9.9931 Head -0.6220829 1.6 6.828936 1.125026 7.125341 0 0.00979857 0.06213728 -0.0006100648 0.9980193
9.9931 FirstCar -6.977552 0.025 2.97 0 90 0 0 0.7071068 0 0.7071068 0 1
9.9944 Head -0.6220829 1.6 6.830654 1.125026 7.125341 0 0.00979857 0.06213728 -0.0006100648 0.9980193
9.9944 FirstCar -6.977552 0.025 2.97 0 90 0 0 0.7071068 0 0.7071068 0 1
9.9957 Head -0.6220829 1.6 6.832341 1.125026 7.125341 0 0.00979857 0.06213728 -0.0006100648 0.9980193
9.9957 FirstCar -6.977552 0.025 2.97 0 90 0 0 0.7071068 0 0.7071068 0 1
9.9969 Head -0.6220829 1.6 6.834103 1.125026 7.125341 0 0.00979857 0.06213728 -0.0006100648 0.9980193
9.9969 FirstCar -6.977552 0.025 2.97 0 90 0 0 0.7071068 0 0.7071068 0 1
9.9983 Head -0.6220829 1.6 6.835727 1.125026 7.125341 0 0.00979857 0.06213728 -0.0006100648 0.9980193
9.9983 FirstCar -6.977552 0.025 2.97 0 90 0 0 0.7071068 0 0.7071068 0 1
9.9996 Head -0.6220829 1.6 6.837477 1.125026 7.125341 0 0.00979857 0.06213728 -0.0006100648 0.9980193
9.9996 FirstCar -6.977552 0.025 2.97 0 90 0 0 0.7071068 0 0.7071068 0 1
10.0010 Head -0.6220829 1.6 6.839213 1.125026 7.125341 0 0.00979857 0.06213728 -0.0006100648 0.9980193
10.0010 FirstCar -6.977552 0.025 2.97 0 90 0 0 0.7071068 0 0.7071068 0 1
10.0023 Head -0.6220829 1.6 6.841033 1.125026 7.125341 0 0.00979857 0.06213728 -0.0006100648 0.9980193
10.0023 FirstCar -6.977552 0.025 2.97 0 90 0 0 0.7071068 0 0.7071068 0 1
10.0038 Head -0.6220829 1.6 6.842702 1.125026 7.125341 0 0.00979857 0.06213728 -0.0006100648 0.9980193
10.0038 FirstCar -6.977552 0.025 2.97 0 90 0 0 0.7071068 0 0.7071068 0 1
10.0051 Head -0.6220829 1.6 6.844687 1.125026 7.125341 0 0.00979857 0.06213728 -0.0006100648 0.9980193
10.0051 FirstCar -6.977552 0.025 2.97 0 90 0 0 0.7071068 0 0.7071068 0 1
10.0065 Head -0.6220829 1.6 6.846424 1.125026 7.125341 0 0.00979857 0.06213728 -0.0006100648 0.9980193
10.0065 FirstCar -6.977552 0.025 2.97 0 90 0 0 0.7071068 0 0.7071068 0 1
10.0079 Head -0.6220829 1.6 6.848234 1.125026 7.125341 0 0.00979857 0.06213728 -0.0006100648 0.9980193
10.0079 FirstCar -6.977552 0.025 2.97 0 90 0 0 0.7071068 0 0.7071068 0 1
10.0093 Head -0.6220829 1.6 6.850054 1.125026 7.125341 0 0.00979857 0.06213728 -0.0006100648 0.9980193
10.0093 FirstCar -6.977552 0.025 2.97 0 90 0 0 0.7071068 0 0.7071068 0 1
10.0105 Head -0.6220829 1.6 6.851973 1.125026 7.125341 0 0.00979857 0.06213728 -0.0006100648 0.9980193
10.0105 FirstCar -6.977552 0.025 2.97 0 90 0 0 0.7071068 0 0.7071068 0 1
10.0117 Head -0.6220829 1.6 6.853523 1.125026 7.125341 0 0.00979857 0.06213728 -0.0006100648 0.9980193
10.0117 FirstCar -6.977552 0.025 2.97 0 90 0 0 0.7071068 0 0.7071068 0 1
10.0131 Head -0.6220829 1.6 6.855042 1.125026 7.125341 0 0.00979857 0.06213728 -0.0006100648 0.9980193
10.0131 FirstCar -6.977552 0.025 2.97 0 90 0 0 0.7071068 0 0.7071068 0 1
10.0143 Head -0.6220829 1.6 6.856894 1.125026 7.125341 0 0.00979857 0.06213728 -0.0006100648 0.9980193
10.0143 FirstCar -6.977552 0.025 2.97 0 90 0 0 0.7071068 0 0.7071068 0 1
10.0157 Head -0.6220829 1.6 6.858468 1.125026 7.125341 0 0.00979857 0.06213728 -0.0006100648 0.9980193
10.0157 FirstCar -6.977552 0.025 2.97 0 90 0 0 0.7071068 0 0.7071068 0 1
10.0171 Head -0.6220829 1.6 6.860254 1.125026 7.125341 0 0.00979857 0.06213728 -0.0006100648 0.9980193
10.0171 FirstCar -6.977552 0.025 2.97 0 90 0 0 0.7071068 0 0.7071068 0 1
10.0183 Head -0.6220829 1.6 6.86208 1.125026 7.125341 0 0.00979857 0.06213728 -0.0006100648 0.9980193
10.0183 FirstCar -6.977552 0.025 2.97 0 90 0 0 0.7071068 0 0.7071068 0 1
10.0196 Head -0.6220829 1.6 6.863727 1.125026 7.125341 0 0.00979857 0.06213728 -0.0006100648 0.9980193
10.0196 FirstCar -6.977552 0.025 2.97 0 90 0 0 0.7071068 0 0.7071068 0 1
10.0209 Head -0.6220829 1.6 6.865364 1.125026 7.125341 0 0.00979857 0.06213728 -0.0006100648 0.9980193
10.0209 FirstCar -6.977552 0.025 2.97 0 90 0 0 0.7071068 0 0.7071068 0 1
10.0222 Head -0.6220829 1.6 6.867139 1.125026 7.125341 0 0.00979857 0.06213728 -0.0006100648 0.9980193
10.0222 FirstCar -6.977552 0.025 2.97 0 90 0 0 0.7071068 0 0.7071068 0 1
10.0234 Head -0.6220829 1.6 6.868798 1.125026 7.125341 0 0.00979857 0.06213728 -0.0006100648 0.9980193
10.0234 FirstCar -6.977552 0.025 2.97 0 90 0 0 0.7071068 0 0.7071068 0 1
10.0248 Head -0.6220829 1.6 6.870433 1.125026 7.125341 0 0.00979857 0.06213728 -0.0006100648 0.9980193
10.0248 FirstCar -6.977552 0.025 2.97 0 90 0 0 0.7071068 0 0.7071068 0 1
10.0260 Head -0.6220829 1.6 6.872162 1.125026 7.125341 0 0.00979857 0.06213728 -0.0006100648 0.9980193
10.0260 FirstCar -6.977552 0.025 2.97 0 90 0 0 0.7071068 0 0.7071068 0 1
10.0272 Head -0.6220829 1.6 6.873824 1.125026 7.125341 0 0.00979857 0.06213728 -0.0006100648 0.9980193
10.0272 FirstCar -6.977552 0.025 2.97 0 90 0 0 0.7071068 0 0.7071068 0 1
10.0286 Head -0.6220829 1.6 6.87543 1.125026 7.125341 0 0.00979857 0.06213728 -0.0006100648 0.9980193
10.0286 FirstCar -6.977552 0.025 2.97 0 90 0 0 0.7071068 0 0.7071068 0 1
10.0301 Head -0.6220829 1.6 6.877143 1.125026 7.125341 0 0.00979857 0.06213728 -0.0006100648 0.9980193
10.0301 FirstCar -6.977552 0.025 2.97 0 90 0 0 0.7071068 0 0.7071068 0 1
10.0314 Head -0.6220829 1.6 6.879226 1.125026 7.125341 0 0.00979857 0.06213728 -0.0006100648 0.9980193
10.0314 FirstCar -6.977552 0.025 2.97 0 90 0 0 0.7071068 0 0.7071068 0 1
10.0327 Head -0.6220829 1.6 6.880882 1.125026 7.125341 0 0.00979857 0.06213728 -0.0006100648 0.9980193
10.0327 FirstCar -6.977552 0.025 2.97 0 90 0 0 0.7071068 0 0.7071068 0 1
10.0340 Head -0.6220829 1.6 6.882586 1.125026 7.125341 0 0.00979857 0.06213728 -0.0006100648 0.9980193
10.0340 FirstCar -6.977552 0.025 2.97 0 90 0 0 0.7071068 0 0.7071068 0 1
10.0354 Head -0.6220829 1.6 6.884255 1.125026 7.125341 0 0.00979857 0.06213728 -0.0006100648 0.9980193
10.0354 FirstCar -6.977552 0.025 2.97 0 90 0 0 0.7071068 0 0.7071068 0 1
10.0366 Head -0.6220829 1.6 6.886137 1.125026 7.125341 0 0.00979857 0.06213728 -0.0006100648 0.9980193
10.0366 FirstCar -6.977552 0.025 2.97 0 90 0 0 0.7071068 0 0.7071068 0 1
10.0379 Head -0.6220829 1.6 6.887724 1.125026 7.125341 0 0.00979857 0.06213728 -0.0006100648 0.9980193
10.0379 FirstCar -6.977552 0.025 2.97 0 90 0 0 0.7071068 0 0.7071068 0 1
10.0392 Head -0.6220829 1.6 6.889324 1.125026 7.125341 0 0.00979857 0.06213728 -0.0006100648 0.9980193
10.0392 FirstCar -6.977552 0.025 2.97 0 90 0 0 0.7071068 0 0.7071068 0 1
10.0404 Head -0.6220829 1.6 6.891063 1.125026 7.125341 0 0.00979857 0.06213728 -0.0006100648 0.9980193
10.0404 FirstCar -6.977552 0.025 2.97 0 90 0 0 0.7071068 0 0.7071068 0 1
10.0416 Head -0.6220829 1.6 6.892643 1.125026 7.125341 0 0.00979857 0.06213728 -0.0006100648 0.9980193
10.0416 FirstCar -6.977552 0.025 2.97 0 90 0 0 0.7071068 0 0.7071068 0 1
10.0430 Head -0.6220829 1.6 6.894238 1.125026 7.125341 0 0.00979857 0.06213728 -0.0006100648 0.9980193
10.0430 FirstCar -6.977552 0.025 2.97 0 90 0 0 0.7071068 0 0.7071068 0 1
10.0442 Head -0.6220829 1.6 6.896012 1.125026 7.125341 0 0.00979857 0.06213728 -0.0006100648 0.9980193
10.0442 FirstCar -6.977552 0.025 2.97 0 90 0 0 0.7071068 0 0.7071068 0 1
10.0454 Head -0.6220829 1.6 6.897642 1.125026 7.125341 0 0.00979857 0.06213728 -0.0006100648 0.9980193
10.0454 FirstCar -6.977552 0.025 2.97 0 90 0 0 0.7071068 0 0.7071068 0 1
10.0466 Head -0.6220829 1.6 6.899172 1.125026 7.125341 0 0.00979857 0.06213728 -0.0006100648 0.9980193
10.0466 FirstCar -6.977552 0.025 2.97 0 90 0 0 0.7071068 0 0.7071068 0 1
10.0478 Head -0.6220829 1.6 6.900807 1.125026 7.125341 0 0.00979857 0.06213728 -0.0006100648 0.9980193
10.0478 FirstCar -6.977552 0.025 2.97 0 90 0 0 0.7071068 0 0.7071068 0 1
10.0492 Head -0.6220829 1.6 6.902322 1.125026 7.125341 0 0.00979857 0.06213728 -0.0006100648 0.9980193
10.0492 FirstCar -6.977552 0.025 2.97 0 90 0 0 0.7071068 0 0.7071068 0 1
10.0504 Head -0.6220829 1.6 6.90423 1.125026 7.125341 0 0.00979857 0.06213728 -0.0006100648 0.9980193
10.0504 FirstCar -6.977552 0.025 2.97 0 90 0 0 0.7071068 0 0.7071068 0 1
10.0516 Head -0.6220829 1.6 6.905806 1.125026 7.125341 0 0.00979857 0.06213728 -0.0006100648 0.9980193
10.0516 FirstCar -6.977552 0.025 2.97 0 90 0 0 0.7071068 0 0.7071068 0 1
10.0527 Head -0.6220829 1.6 6.907283 1.125026 7.125341 0 0.00979857 0.06213728 -0.0006100648 0.9980193
10.0527 FirstCar -6.977552 0.025 2.97 0 90 0 0 0.7071068 0 0.7071068 0 1
10.0539 Head -0.6220829 1.6 6.90879 1.125026 7.125341 0 0.00979857 0.06213728 -0.0006100648 0.9980193
10.0539 FirstCar -6.977552 0.025 2.97 0 90 0 0 0.7071068 0 0.7071068 0 1
10.0551 Head -0.6220829 1.6 6.910409 1.125026 7.125341 0 0.00979857 0.06213728 -0.0006100648 0.9980193
10.0551 FirstCar -6.977552 0.025 2.97 0 90 0 0 0.7071068 0 0.7071068 0 1
10.0563 Head -0.6220829 1.6 6.91196 1.125026 7.125341 0 0.00979857 0.06213728 -0.0006100648 0.9980193
10.0563 FirstCar -6.977552 0.025 2.97 0 90 0 0 0.7071068 0 0.7071068 0 1
10.0575 Head -0.6220829 1.6 6.913516 1.125026 7.125341 0 0.00979857 0.06213728 -0.0006100648 0.9980193
10.0575 FirstCar -6.977552 0.025 2.97 0 90 0 0 0.7071068 0 0.7071068 0 1
10.0588 Head -0.6220829 1.6 6.915021 1.125026 7.125341 0 0.00979857 0.06213728 -0.0006100648 0.9980193
10.0588 FirstCar -6.977552 0.025 2.97 0 90 0 0 0.7071068 0 0.7071068 0 1
10.0601 Head -0.6220829 1.6 6.91678 1.125026 7.125341 0 0.00979857 0.06213728 -0.0006100648 0.9980193
10.0601 FirstCar -6.977552 0.025 2.97 0 90 0 0 0.7071068 0 0.7071068 0 1
10.0614 Head -0.6220829 1.6 6.918402 1.125026 7.125341 0 0.00979857 0.06213728 -0.0006100648 0.9980193
10.0614 FirstCar -6.977552 0.025 2.97 0 90 0 0 0.7071068 0 0.7071068 0 1
10.0626 Head -0.6220829 1.6 6.920144 1.125026 7.125341 0 0.00979857 0.06213728 -0.0006100648 0.9980193
10.0626 FirstCar -6.977552 0.025 2.97 0 90 0 0 0.7071068 0 0.7071068 0 1
10.0640 Head -0.6220829 1.6 6.921759 1.125026 7.125341 0 0.00979857 0.06213728 -0.0006100648 0.9980193
10.0640 FirstCar -6.977552 0.025 2.97 0 90 0 0 0.7071068 0 0.7071068 0 1
10.0652 Head -0.6220829 1.6 6.923594 1.125026 7.125341 0 0.00979857 0.06213728 -0.0006100648 0.9980193
10.0652 FirstCar -6.977552 0.025 2.97 0 90 0 0 0.7071068 0 0.7071068 0 1
10.0666 Head -0.6220829 1.6 6.925153 1.125026 7.125341 0 0.00979857 0.06213728 -0.0006100648 0.9980193
10.0666 FirstCar -6.977552 0.025 2.97 0 90 0 0 0.7071068 0 0.7071068 0 1
10.0681 Head -0.6220829 1.6 6.92695 1.125026 7.125341 0 0.00979857 0.06213728 -0.0006100648 0.9980193
10.0681 FirstCar -6.977552 0.025 2.97 0 90 0 0 0.7071068 0 0.7071068 0 1
10.0694 Head -0.6220829 1.6 6.928972 1.125026 7.125341 0 0.00979857 0.06213728 -0.0006100648 0.9980193
10.0694 FirstCar -6.977552 0.025 2.97 0 90 0 0 0.7071068 0 0.7071068 0 1
10.0707 Head -0.6220829 1.6 6.930696 1.125026 7.125341 0 0.00979857 0.06213728 -0.0006100648 0.9980193
10.0707 FirstCar -6.977552 0.025 2.97 0 90 0 0 0.7071068 0 0.7071068 0 1
10.0720 Head -0.6220829 1.6 6.932329 1.125026 7.125341 0 0.00979857 0.06213728 -0.0006100648 0.9980193
10.0720 FirstCar -6.977552 0.025 2.97 0 90 0 0 0.7071068 0 0.7071068 0 1
10.0733 Head -0.6220829 1.6 6.933998 1.125026 7.125341 0 0.00979857 0.06213728 -0.0006100648 0.9980193
10.0733 FirstCar -6.977552 0.025 2.97 0 90 0 0 0.7071068 0 0.7071068 0 1
10.0748 Head -0.6220829 1.6 6.93579 1.125026 7.125341 0 0.00979857 0.06213728 -0.0006100648 0.9980193
10.0748 FirstCar -6.977552 0.025 2.97 0 90 0 0 0.7071068 0 0.7071068 0 1
10.0759 Head -0.6220829 1.6 6.937671 1.125026 7.125341 0 0.00979857 0.06213728 -0.0006100648 0.9980193
10.0759 FirstCar -6.977552 0.025 2.97 0 90 0 0 0.7071068 0 0.7071068 0 1
10.0771 Head -0.6220829 1.6 6.939135 1.125026 7.125341 0 0.00979857 0.06213728 -0.0006100648 0.9980193
10.0771 FirstCar -6.977552 0.025 2.97 0 90 0 0 0.7071068 0 0.7071068 0 1
10.0784 Head -0.6220829 1.6 6.940786 1.125026 7.125341 0 0.00979857 0.06213728 -0.0006100648 0.9980193
10.0784 FirstCar -6.977552 0.025 2.97 0 90 0 0 0.7071068 0 0.7071068 0 1
10.0797 Head -0.6220829 1.6 6.942475 1.125026 7.125341 0 0.00979857 0.06213728 -0.0006100648 0.9980193
10.0797 FirstCar -6.977552 0.025 2.97 0 90 0 0 0.7071068 0 0.7071068 0 1
10.0811 Head -0.6220829 1.6 6.944205 1.125026 7.125341 0 0.00979857 0.06213728 -0.0006100648 0.9980193
10.0811 FirstCar -6.977552 0.025 2.97 0 90 0 0 0.7071068 0 0.7071068 0 1
10.0823 Head -0.6220829 1.6 6.94596 1.125026 7.125341 0 0.00979857 0.06213728 -0.0006100648 0.9980193
10.0823 FirstCar -6.977552 0.025 2.97 0 90 0 0 0.7071068 0 0.7071068 0 1
10.0837 Head -0.6220829 1.6 6.947561 1.125026 7.125341 0 0.00979857 0.06213728 -0.0006100648 0.9980193
10.0837 FirstCar -6.977552 0.025 2.97 0 90 0 0 0.7071068 0 0.7071068 0 1
10.0850 Head -0.6220829 1.6 6.949334 1.125026 7.125341 0 0.00979857 0.06213728 -0.0006100648 0.9980193
10.0850 FirstCar -6.977552 0.025 2.97 0 90 0 0 0.7071068 0 0.7071068 0 1
10.0864 Head -0.6220829 1.6 6.951021 1.125026 7.125341 0 0.00979857 0.06213728 -0.0006100648 0.9980193
10.0864 FirstCar -6.977552 0.025 2.97 0 90 0 0 0.7071068 0 0.7071068 0 1
10.0877 Head -0.6220829 1.6 6.952872 1.125026 7.125341 0 0.00979857 0.06213728 -0.0006100648 0.9980193
10.0877 FirstCar -6.977552 0.025 2.97 0 90 0 0 0.7071068 0 0.7071068 0 1
10.0890 Head -0.6220829 1.6 6.954622 1.125026 7.125341 0 0.00979857 0.06213728 -0.0006100648 0.9980193
10.0890 FirstCar -6.977552 0.025 2.97 0 90 0 0 0.7071068 0 0.7071068 0 1
10.0902 Head -0.6220829 1.6 6.956335 1.125026 7.125341 0 0.00979857 0.06213728 -0.0006100648 0.9980193
10.0902 FirstCar -6.977552 0.025 2.97 0 90 0 0 0.7071068 0 0.7071068 0 1
10.0914 Head -0.6220829 1.6 6.957907 1.125026 7.125341 0 0.00979857 0.06213728 -0.0006100648 0.9980193
10.0914 FirstCar -6.977552 0.025 2.97 0 90 0 0 0.7071068 0 0.7071068 0 1
10.0928 Head -0.6220829 1.6 6.959419 1.125026 7.125341 0 0.00979857 0.06213728 -0.0006100648 0.9980193
10.0928 FirstCar -6.977552 0.025 2.97 0 90 0 0 0.7071068 0 0.7071068 0 1
10.0942 Head -0.6220829 1.6 6.961267 1.125026 7.125341 0 0.00979857 0.06213728 -0.0006100648 0.9980193
10.0942 FirstCar -6.977552 0.025 2.97 0 90 0 0 0.7071068 0 0.7071068 0 1
10.0954 Head -0.6220829 1.6 6.963154 1.125026 7.125341 0 0.00979857 0.06213728 -0.0006100648 0.9980193
10.0954 FirstCar -6.977552 0.025 2.97 0 90 0 0 0.7071068 0 0.7071068 0 1
10.0967 Head -0.6220829 1.6 6.964745 1.125026 7.125341 0 0.00979857 0.06213728 -0.0006100648 0.9980193
10.0967 FirstCar -6.977552 0.025 2.97 0 90 0 0 0.7071068 0 0.7071068 0 1
10.0980 Head -0.6220829 1.6 6.966408 1.125026 7.125341 0 0.00979857 0.06213728 -0.0006100648 0.9980193
10.0980 FirstCar -6.977552 0.025 2.97 0 90 0 0 0.7071068 0 0.7071068 0 1
10.0993 Head -0.6220829 1.6 6.968055 1.125026 7.125341 0 0.00979857 0.06213728 -0.0006100648 0.9980193
10.0993 FirstCar -6.977552 0.025 2.97 0 90 0 0 0.7071068 0 0.7071068 0 1
10.1006 Head -0.6220829 1.6 6.969858 1.125026 7.125341 0 0.00979857 0.06213728 -0.0006100648 0.9980193
10.1006 FirstCar -6.977552 0.025 2.97 0 90 0 0 0.7071068 0 0.7071068 0 1
10.1020 Head -0.6220829 1.6 6.971583 1.125026 7.125341 0 0.00979857 0.06213728 -0.0006100648 0.9980193
10.1020 FirstCar -6.977552 0.025 2.97 0 90 0 0 0.7071068 0 0.7071068 0 1
10.1032 Head -0.6220829 1.6 6.973314 1.125026 7.125341 0 0.00979857 0.06213728 -0.0006100648 0.9980193
10.1032 FirstCar -6.977552 0.025 2.97 0 90 0 0 0.7071068 0 0.7071068 0 1
10.1045 Head -0.6220829 1.6 6.974979 1.125026 7.125341 0 0.00979857 0.06213728 -0.0006100648 0.9980193
10.1045 FirstCar -6.977552 0.025 2.97 0 90 0 0 0.7071068 0 0.7071068 0 1
10.1060 Head -0.6220829 1.6 6.976678 1.125026 7.125341 0 0.00979857 0.06213728 -0.0006100648 0.9980193
10.1060 FirstCar -6.977552 0.025 2.97 0 90 0 0 0.7071068 0 0.7071068 0 1
10.1071 Head -0.6220829 1.6 6.97855 1.125026 7.125341 0 0.00979857 0.06213728 -0.0006100648 0.9980193
10.1071 FirstCar -6.977552 0.025 2.97 0 90 0 0 0.7071068 0 0.7071068 0 1
10.1084 Head -0.6220829 1.6 6.980038 1.125026 7.125341 0 0.00979857 0.06213728 -0.0006100648 0.9980193
10.1084 FirstCar -6.977552 0.025 2.97 0 90 0 0 0.7071068 0 0.7071068 0 1
10.1099 Head -0.6220829 1.6 6.981802 1.125026 7.125341 0 0.00979857 0.06213728 -0.0006100648 0.9980193
10.1099 FirstCar -6.977552 0.025 2.97 0 90 0 0 0.7071068 0 0.7071068 0 1
10.1112 Head -0.6220829 1.6 6.9837 1.125026 7.125341 0 0.00979857 0.06213728 -0.0006100648 0.9980193
10.1112 FirstCar -6.977552 0.025 2.97 0 90 0 0 0.7071068 0 0.7071068 0 1
10.1125 Head -0.6220829 1.6 6.985372 1.125026 7.125341 0 0.00979857 0.06213728 -0.0006100648 0.9980193
10.1125 FirstCar -6.977552 0.025 2.97 0 90 0 0 0.7071068 0 0.7071068 0 1
10.1137 Head -0.6220829 1.6 6.98706 1.125026 7.125341 0 0.00979857 0.06213728 -0.0006100648 0.9980193
10.1137 FirstCar -6.977552 0.025 2.97 0 90 0 0 0.7071068 0 0.7071068 0 1
10.1150 Head -0.6220829 1.6 6.988671 1.125026 7.125341 0 0.00979857 0.06213728 -0.0006100648 0.9980193
10.1150 FirstCar -6.977552 0.025 2.97 0 90 0 0 0.7071068 0 0.7071068 0 1
10.1167 Head -0.6220829 1.6 6.990391 1.125026 7.125341 0 0.00979857 0.06213728 -0.0006100648 0.9980193
10.1167 FirstCar -6.977552 0.025 2.97 0 90 0 0 0.7071068 0 0.7071068 0 1
10.1181 Head -0.6220829 1.6 6.992592 1.125026 7.125341 0 0.00979857 0.06213728 -0.0006100648 0.9980193
10.1181 FirstCar -6.977552 0.025 2.97 0 90 0 0 0.7071068 0 0.7071068 0 1
10.1194 Head -0.6220829 1.6 6.994391 1.125026 7.125341 0 0.00979857 0.06213728 -0.0006100648 0.9980193
10.1194 FirstCar -6.977552 0.025 2.97 0 90 0 0 0.7071068 0 0.7071068 0 1
10.1208 Head -0.6220829 1.6 6.996153 1.125026 7.125341 0 0.00979857 0.06213728 -0.0006100648 0.9980193
10.1208 FirstCar -6.977552 0.025 2.97 0 90 0 0 0.7071068 0 0.7071068 0 1
10.1219 Head -0.6220829 1.6 6.99798 1.125026 7.125341 0 0.00979857 0.06213728 -0.0006100648 0.9980193
10.1219 FirstCar -6.977552 0.025 2.97 0 90 0 0 0.7071068 0 0.7071068 0 1
10.1231 Head -0.6220829 1.6 6.999435 1.125026 7.125341 0 0.00979857 0.06213728 -0.0006100648 0.9980193
10.1231 FirstCar -6.977552 0.025 2.97 0 90 0 0 0.7071068 0 0.7071068 0 1
10.1244 Head -0.6220829 1.6 7.000972 1.125026 7.125341 0 0.00979857 0.06213728 -0.0006100648 0.9980193
10.1244 FirstCar -6.977552 0.025 2.97 0 90 0 0 0.7071068 0 0.7071068 0 1
10.1258 Head -0.6220829 1.6 7.002735 1.125026 7.125341 0 0.00979857 0.06213728 -0.0006100648 0.9980193
10.1258 FirstCar -6.977552 0.025 2.97 0 90 0 0 0.7071068 0 0.7071068 0 1
10.1271 Head -0.6220829 1.6 7.004542 1.125026 7.125341 0 0.00979857 0.06213728 -0.0006100648 0.9980193
10.1271 FirstCar -6.977552 0.025 2.97 0 90 0 0 0.7071068 0 0.7071068 0 1
10.1288 Head -0.6220829 1.6 7.006235 1.125026 7.125341 0 0.00979857 0.06213728 -0.0006100648 0.9980193
10.1288 FirstCar -6.977552 0.025 2.97 0 90 0 0 0.7071068 0 0.7071068 0 1
10.1301 Head -0.6220829 1.6 7.008482 1.125026 7.125341 0 0.00979857 0.06213728 -0.0006100648 0.9980193
10.1301 FirstCar -6.977552 0.025 2.97 0 90 0 0 0.7071068 0 0.7071068 0 1
10.1315 Head -0.6220829 1.6 7.010197 1.125026 7.125341 0 0.00979857 0.06213728 -0.0006100648 0.9980193
10.1315 FirstCar -6.977552 0.025 2.97 0 90 0 0 0.7071068 0 0.7071068 0 1
10.1328 Head -0.6220829 1.6 7.011997 1.125026 7.125341 0 0.00979857 0.06213728 -0.0006100648 0.9980193
10.1328 FirstCar -6.977552 0.025 2.97 0 90 0 0 0.7071068 0 0.7071068 0 1
10.1342 Head -0.6220829 1.6 7.013758 1.125026 7.125341 0 0.00979857 0.06213728 -0.0006100648 0.9980193
10.1342 FirstCar -6.977552 0.025 2.97 0 90 0 0 0.7071068 0 0.7071068 0 1
10.1355 Head -0.6220829 1.6 7.015551 1.125026 7.125341 0 0.00979857 0.06213728 -0.0006100648 0.9980193
10.1355 FirstCar -6.977552 0.025 2.97 0 90 0 0 0.7071068 0 0.7071068 0 1
10.1369 Head -0.6220829 1.6 7.017186 1.125026 7.125341 0 0.00979857 0.06213728 -0.0006100648 0.9980193
10.1369 FirstCar -6.977552 0.025 2.97 0 90 0 0 0.7071068 0 0.7071068 0 1
10.1382 Head -0.6220829 1.6 7.019089 1.125026 7.125341 0 0.00979857 0.06213728 -0.0006100648 0.9980193
10.1382 FirstCar -6.977552 0.025 2.97 0 90 0 0 0.7071068 0 0.7071068 0 1
10.1394 Head -0.6220829 1.6 7.020823 1.125026 7.125341 0 0.00979857 0.06213728 -0.0006100648 0.9980193
10.1394 FirstCar -6.977552 0.025 2.97 0 90 0 0 0.7071068 0 0.7071068 0 1
10.1408 Head -0.6220829 1.6 7.022359 1.125026 7.125341 0 0.00979857 0.06213728 -0.0006100648 0.9980193
10.1408 FirstCar -6.977552 0.025 2.97 0 90 0 0 0.7071068 0 0.7071068 0 1
10.1422 Head -0.6220829 1.6 7.024248 1.125026 7.125341 0 0.00979857 0.06213728 -0.0006100648 0.9980193
10.1422 FirstCar -6.977552 0.025 2.97 0 90 0 0 0.7071068 0 0.7071068 0 1
10.1435 Head -0.6220829 1.6 7.025957 1.125026 7.125341 0 0.00979857 0.06213728 -0.0006100648 0.9980193
10.1435 FirstCar -6.977552 0.025 2.97 0 90 0 0 0.7071068 0 0.7071068 0 1
10.1448 Head -0.6220829 1.6 7.027707 1.125026 7.125341 0 0.00979857 0.06213728 -0.0006100648 0.9980193
10.1448 FirstCar -6.977552 0.025 2.97 0 90 0 0 0.7071068 0 0.7071068 0 1
10.1462 Head -0.6220829 1.6 7.029466 1.125026 7.125341 0 0.00979857 0.06213728 -0.0006100648 0.9980193
10.1462 FirstCar -6.977552 0.025 2.97 0 90 0 0 0.7071068 0 0.7071068 0 1
10.1474 Head -0.6220829 1.6 7.031223 1.125026 7.125341 0 0.00979857 0.06213728 -0.0006100648 0.9980193
10.1474 FirstCar -6.977552 0.025 2.97 0 90 0 0 0.7071068 0 0.7071068 0 1
10.1488 Head -0.6220829 1.6 7.032889 1.125026 7.125341 0 0.00979857 0.06213728 -0.0006100648 0.9980193
10.1488 FirstCar -6.977552 0.025 2.97 0 90 0 0 0.7071068 0 0.7071068 0 1
10.1501 Head -0.6220829 1.6 7.034719 1.125026 7.125341 0 0.00979857 0.06213728 -0.0006100648 0.9980193
10.1501 FirstCar -6.977552 0.025 2.97 0 90 0 0 0.7071068 0 0.7071068 0 1
10.1519 Head -0.6220829 1.6 7.036392 1.125026 7.125341 0 0.00979857 0.06213728 -0.0006100648 0.9980193
10.1519 FirstCar -6.977552 0.025 2.97 0 90 0 0 0.7071068 0 0.7071068 0 1
10.1531 Head -0.6220829 1.6 7.03873 1.125026 7.125341 0 0.00979857 0.06213728 -0.0006100648 0.9980193
10.1531 FirstCar -6.977552 0.025 2.97 0 90 0 0 0.7071068 0 0.7071068 0 1
10.1543 Head -0.6220829 1.6 7.040355 1.125026 7.125341 0 0.00979857 0.06213728 -0.0006100648 0.9980193
10.1543 FirstCar -6.977552 0.025 2.97 0 90 0 0 0.7071068 0 0.7071068 0 1
10.1556 Head -0.6220829 1.6 7.04192 1.125026 7.125341 0 0.00979857 0.06213728 -0.0006100648 0.9980193
10.1556 FirstCar -6.977552 0.025 2.97 0 90 0 0 0.7071068 0 0.7071068 0 1
10.1570 Head -0.6220829 1.6 7.043541 1.125026 7.125341 0 0.00979857 0.06213728 -0.0006100648 0.9980193
10.1570 FirstCar -6.977552 0.025 2.97 0 90 0 0 0.7071068 0 0.7071068 0 1
10.1583 Head -0.6220829 1.6 7.045354 1.125026 7.125341 0 0.00979857 0.06213728 -0.0006100648 0.9980193
10.1583 FirstCar -6.977552 0.025 2.97 0 90 0 0 0.7071068 0 0.7071068 0 1
10.1597 Head -0.6220829 1.6 7.047055 1.125026 7.125341 0 0.00979857 0.06213728 -0.0006100648 0.9980193
10.1597 FirstCar -6.977552 0.025 2.97 0 90 0 0 0.7071068 0 0.7071068 0 1
10.1610 Head -0.6220829 1.6 7.048889 1.125026 7.125341 0 0.00979857 0.06213728 -0.0006100648 0.9980193
10.1610 FirstCar -6.977552 0.025 2.97 0 90 0 0 0.7071068 0 0.7071068 0 1
10.1623 Head -0.6220829 1.6 7.05063 1.125026 7.125341 0 0.00979857 0.06213728 -0.0006100648 0.9980193
10.1623 FirstCar -6.977552 0.025 2.97 0 90 0 0 0.7071068 0 0.7071068 0 1
10.1634 Head -0.6220829 1.6 7.052307 1.125026 7.125341 0 0.00979857 0.06213728 -0.0006100648 0.9980193
10.1634 FirstCar -6.977552 0.025 2.97 0 90 0 0 0.7071068 0 0.7071068 0 1
10.1648 Head -0.6220829 1.6 7.053841 1.125026 7.125341 0 0.00979857 0.06213728 -0.0006100648 0.9980193
10.1648 FirstCar -6.977552 0.025 2.97 0 90 0 0 0.7071068 0 0.7071068 0 1
10.1661 Head -0.6220829 1.6 7.055598 1.125026 7.125341 0 0.00979857 0.06213728 -0.0006100648 0.9980193
10.1661 FirstCar -6.977552 0.025 2.97 0 90 0 0 0.7071068 0 0.7071068 0 1
10.1674 Head -0.6220829 1.6 7.057325 1.125026 7.125341 0 0.00979857 0.06213728 -0.0006100648 0.9980193
10.1674 FirstCar -6.977552 0.025 2.97 0 90 0 0 0.7071068 0 0.7071068 0 1
10.1688 Head -0.6220829 1.6 7.059052 1.125026 7.125341 0 0.00979857 0.06213728 -0.0006100648 0.9980193
10.1688 FirstCar -6.977552 0.025 2.97 0 90 0 0 0.7071068 0 0.7071068 0 1
10.1699 Head -0.6220829 1.6 7.060812 1.125026 7.125341 0 0.00979857 0.06213728 -0.0006100648 0.9980193
10.1699 FirstCar -6.977552 0.025 2.97 0 90 0 0 0.7071068 0 0.7071068 0 1
10.1714 Head -0.6220829 1.6 7.062357 1.125026 7.125341 0 0.00979857 0.06213728 -0.0006100648 0.9980193
10.1714 FirstCar -6.977552 0.025 2.97 0 90 0 0 0.7071068 0 0.7071068 0 1
10.1728 Head -0.6220829 1.6 7.06424 1.125026 7.125341 0 0.00979857 0.06213728 -0.0006100648 0.9980193
10.1728 FirstCar -6.977552 0.025 2.97 0 90 0 0 0.7071068 0 0.7071068 0 1
10.1740 Head -0.6220829 1.6 7.066062 1.125026 7.125341 0 0.00979857 0.06213728 -0.0006100648 0.9980193
10.1740 FirstCar -6.977552 0.025 2.97 0 90 0 0 0.7071068 0 0.7071068 0 1
10.1752 Head -0.6220829 1.6 7.06765 1.125026 7.125341 0 0.00979857 0.06213728 -0.0006100648 0.9980193
10.1752 FirstCar -6.977552 0.025 2.97 0 90 0 0 0.7071068 0 0.7071068 0 1
10.1764 Head -0.6220829 1.6 7.069245 1.125026 7.125341 0 0.00979857 0.06213728 -0.0006100648 0.9980193
10.1764 FirstCar -6.977552 0.025 2.97 0 90 0 0 0.7071068 0 0.7071068 0 1
10.1778 Head -0.6220829 1.6 7.070847 1.125026 7.125341 0 0.00979857 0.06213728 -0.0006100648 0.9980193
10.1778 FirstCar -6.977552 0.025 2.97 0 90 0 0 0.7071068 0 0.7071068 0 1
10.1791 Head -0.6220829 1.6 7.072598 1.125026 7.125341 0 0.00979857 0.06213728 -0.0006100648 0.9980193
10.1791 FirstCar -6.977552 0.025 2.97 0 90 0 0 0.7071068 0 0.7071068 0 1
10.1805 Head -0.6220829 1.6 7.07434 1.125026 7.125341 0 0.00979857 0.06213728 -0.0006100648 0.9980193
10.1805 FirstCar -6.977552 0.025 2.97 0 90 0 0 0.7071068 0 0.7071068 0 1
10.1819 Head -0.6220829 1.6 7.07621 1.125026 7.125341 0 0.00979857 0.06213728 -0.0006100648 0.9980193
10.1819 FirstCar -6.977552 0.025 2.97 0 90 0 0 0.7071068 0 0.7071068 0 1
10.1833 Head -0.6220829 1.6 7.077965 1.125026 7.125341 0 0.00979857 0.06213728 -0.0006100648 0.9980193
10.1833 FirstCar -6.977552 0.025 2.97 0 90 0 0 0.7071068 0 0.7071068 0 1
10.1846 Head -0.6220829 1.6 7.079858 1.125026 7.125341 0 0.00979857 0.06213728 -0.0006100648 0.9980193
10.1846 FirstCar -6.977552 0.025 2.97 0 90 0 0 0.7071068 0 0.7071068 0 1
10.1859 Head -0.6220829 1.6 7.081593 1.125026 7.125341 0 0.00979857 0.06213728 -0.0006100648 0.9980193
10.1859 FirstCar -6.977552 0.025 2.97 0 90 0 0 0.7071068 0 0.7071068 0 1
10.1872 Head -0.6220829 1.6 7.083245 1.125026 7.125341 0 0.00979857 0.06213728 -0.0006100648 0.9980193
10.1872 FirstCar -6.977552 0.025 2.97 0 90 0 0 0.7071068 0 0.7071068 0 1
10.1885 Head -0.6220829 1.6 7.084974 1.125026 7.125341 0 0.00979857 0.06213728 -0.0006100648 0.9980193
10.1885 FirstCar -6.977552 0.025 2.97 0 90 0 0 0.7071068 0 0.7071068 0 1
10.1899 Head -0.6220829 1.6 7.086724 1.125026 7.125341 0 0.00979857 0.06213728 -0.0006100648 0.9980193
10.1899 FirstCar -6.977552 0.025 2.97 0 90 0 0 0.7071068 0 0.7071068 0 1
10.1910 Head -0.6220829 1.6 7.088516 1.125026 7.125341 0 0.00979857 0.06213728 -0.0006100648 0.9980193
10.1910 FirstCar -6.977552 0.025 2.97 0 90 0 0 0.7071068 0 0.7071068 0 1
10.1924 Head -0.6220829 1.6 7.08998 1.125026 7.125341 0 0.00979857 0.06213728 -0.0006100648 0.9980193
10.1924 FirstCar -6.977552 0.025 2.97 0 90 0 0 0.7071068 0 0.7071068 0 1
10.1936 Head -0.6220829 1.6 7.091727 1.125026 7.125341 0 0.00979857 0.06213728 -0.0006100648 0.9980193
10.1936 FirstCar -6.977552 0.025 2.97 0 90 0 0 0.7071068 0 0.7071068 0 1
10.1950 Head -0.6220829 1.6 7.0934 1.125026 7.125341 0 0.00979857 0.06213728 -0.0006100648 0.9980193
10.1950 FirstCar -6.977552 0.025 2.97 0 90 0 0 0.7071068 0 0.7071068 0 1
10.1964 Head -0.6220829 1.6 7.095168 1.125026 7.125341 0 0.00979857 0.06213728 -0.0006100648 0.9980193
10.1964 FirstCar -6.977552 0.025 2.97 0 90 0 0 0.7071068 0 0.7071068 0 1
10.1977 Head -0.6220829 1.6 7.096989 1.125026 7.125341 0 0.00979857 0.06213728 -0.0006100648 0.9980193
10.1977 FirstCar -6.977552 0.025 2.97 0 90 0 0 0.7071068 0 0.7071068 0 1
10.1990 Head -0.6220829 1.6 7.098691 1.125026 7.125341 0 0.00979857 0.06213728 -0.0006100648 0.9980193
10.1990 FirstCar -6.977552 0.025 2.97 0 90 0 0 0.7071068 0 0.7071068 0 1
10.2004 Head -0.6220829 1.6 7.100487 1.125026 7.125341 0 0.00979857 0.06213728 -0.0006100648 0.9980193
10.2004 FirstCar -6.977552 0.025 2.97 0 90 0 0 0.7071068 0 0.7071068 0 1
10.2017 Head -0.6220829 1.6 7.102283 1.125026 7.125341 0 0.00979857 0.06213728 -0.0006100648 0.9980193
10.2017 FirstCar -6.977552 0.025 2.97 0 90 0 0 0.7071068 0 0.7071068 0 1
10.2030 Head -0.6220829 1.6 7.103965 1.125026 7.125341 0 0.00979857 0.06213728 -0.0006100648 0.9980193
10.2030 FirstCar -6.977552 0.025 2.97 0 90 0 0 0.7071068 0 0.7071068 0 1
10.2044 Head -0.6220829 1.6 7.105664 1.125026 7.125341 0 0.00979857 0.06213728 -0.0006100648 0.9980193
10.2044 FirstCar -6.977552 0.025 2.97 0 90 0 0 0.7071068 0 0.7071068 0 1
10.2056 Head -0.6220829 1.6 7.107458 1.125026 7.125341 0 0.00979857 0.06213728 -0.0006100648 0.9980193
10.2056 FirstCar -6.977552 0.025 2.97 0 90 0 0 0.7071068 0 0.7071068 0 1
10.2076 Head -0.6220829 1.6 7.109022 1.125026 7.125341 0 0.00979857 0.06213728 -0.0006100648 0.9980193
10.2076 FirstCar -6.977552 0.025 2.97 0 90 0 0 0.7071068 0 0.7071068 0 1
10.2099 Head -0.6220829 1.6 7.111714 1.125026 7.125341 0 0.00979857 0.06213728 -0.0006100648 0.9980193
10.2099 FirstCar -6.977552 0.025 2.97 0 90 0 0 0.7071068 0 0.7071068 0 1
10.2118 Head -0.6220829 1.6 7.114683 1.125026 7.125341 0 0.00979857 0.06213728 -0.0006100648 0.9980193
10.2118 FirstCar -6.977552 0.025 2.97 0 90 0 0 0.7071068 0 0.7071068 0 1
10.2132 Head -0.6220829 1.6 7.117234 1.125026 7.125341 0 0.00979857 0.06213728 -0.0006100648 0.9980193
10.2132 FirstCar -6.977552 0.025 2.97 0 90 0 0 0.7071068 0 0.7071068 0 1
10.2148 Head -0.6220829 1.6 7.119003 1.125026 7.125341 0 0.00979857 0.06213728 -0.0006100648 0.9980193
10.2148 FirstCar -6.977552 0.025 2.97 0 90 0 0 0.7071068 0 0.7071068 0 1
10.2166 Head -0.6220829 1.6 7.121103 1.125026 7.125341 0 0.00979857 0.06213728 -0.0006100648 0.9980193
10.2166 FirstCar -6.977552 0.025 2.97 0 90 0 0 0.7071068 0 0.7071068 0 1
10.2178 Head -0.6220829 1.6 7.123422 1.125026 7.125341 0 0.00979857 0.06213728 -0.0006100648 0.9980193
10.2178 FirstCar -6.977552 0.025 2.97 0 90 0 0 0.7071068 0 0.7071068 0 1
10.2190 Head -0.6220829 1.6 7.12502 1.125026 7.125341 0 0.00979857 0.06213728 -0.0006100648 0.9980193
10.2190 FirstCar -6.977552 0.025 2.97 0 90 0 0 0.7071068 0 0.7071068 0 1
10.2201 Head -0.6220829 1.6 7.126597 1.125026 7.125341 0 0.00979857 0.06213728 -0.0006100648 0.9980193
10.2201 FirstCar -6.977552 0.025 2.97 0 90 0 0 0.7071068 0 0.7071068 0 1
10.2216 Head -0.6220829 1.6 7.128125 1.125026 7.125341 0 0.00979857 0.06213728 -0.0006100648 0.9980193
10.2216 FirstCar -6.977552 0.025 2.97 0 90 0 0 0.7071068 0 0.7071068 0 1
10.2229 Head -0.6220829 1.6 7.129981 1.125026 7.125341 0 0.00979857 0.06213728 -0.0006100648 0.9980193
10.2229 FirstCar -6.977552 0.025 2.97 0 90 0 0 0.7071068 0 0.7071068 0 1
10.2245 Head -0.6220829 1.6 7.131713 1.125026 7.125341 0 0.00979857 0.06213728 -0.0006100648 0.9980193
10.2245 FirstCar -6.977552 0.025 2.97 0 90 0 0 0.7071068 0 0.7071068 0 1
10.2262 Head -0.6220829 1.6 7.133791 1.125026 7.125341 0 0.00979857 0.06213728 -0.0006100648 0.9980193
10.2262 FirstCar -6.977552 0.025 2.97 0 90 0 0 0.7071068 0 0.7071068 0 1
10.2276 Head -0.6220829 1.6 7.136052 1.125026 7.125341 0 0.00979857 0.06213728 -0.0006100648 0.9980193
10.2276 FirstCar -6.977552 0.025 2.97 0 90 0 0 0.7071068 0 0.7071068 0 1
10.2293 Head -0.6220829 1.6 7.137958 1.125026 7.125341 0 0.00979857 0.06213728 -0.0006100648 0.9980193
10.2293 FirstCar -6.977552 0.025 2.97 0 90 0 0 0.7071068 0 0.7071068 0 1
10.2310 Head -0.6220829 1.6 7.140131 1.125026 7.125341 0 0.00979857 0.06213728 -0.0006100648 0.9980193
10.2310 FirstCar -6.977552 0.025 2.97 0 90 0 0 0.7071068 0 0.7071068 0 1
10.2323 Head -0.6220829 1.6 7.142303 1.125026 7.125341 0 0.00979857 0.06213728 -0.0006100648 0.9980193
10.2323 FirstCar -6.977552 0.025 2.97 0 90 0 0 0.7071068 0 0.7071068 0 1
10.2337 Head -0.6220829 1.6 7.144092 1.125026 7.125341 0 0.00979857 0.06213728 -0.0006100648 0.9980193
10.2337 FirstCar -6.977552 0.025 2.97 0 90 0 0 0.7071068 0 0.7071068 0 1
10.2352 Head -0.6220829 1.6 7.145865 1.125026 7.125341 0 0.00979857 0.06213728 -0.0006100648 0.9980193
10.2352 FirstCar -6.977552 0.025 2.97 0 90 0 0 0.7071068 0 0.7071068 0 1
10.2367 Head -0.6220829 1.6 7.147801 1.125026 7.125341 0 0.00979857 0.06213728 -0.0006100648 0.9980193
10.2367 FirstCar -6.977552 0.025 2.97 0 90 0 0 0.7071068 0 0.7071068 0 1
10.2381 Head -0.6220829 1.6 7.149771 1.125026 7.125341 0 0.00979857 0.06213728 -0.0006100648 0.9980193
10.2381 FirstCar -6.977552 0.025 2.97 0 90 0 0 0.7071068 0 0.7071068 0 1
10.2393 Head -0.6220829 1.6 7.151606 1.125026 7.125341 0 0.00979857 0.06213728 -0.0006100648 0.9980193
10.2393 FirstCar -6.977552 0.025 2.97 0 90 0 0 0.7071068 0 0.7071068 0 1
10.2408 Head -0.6220829 1.6 7.153259 1.125026 7.125341 0 0.00979857 0.06213728 -0.0006100648 0.9980193
10.2408 FirstCar -6.977552 0.025 2.97 0 90 0 0 0.7071068 0 0.7071068 0 1
10.2421 Head -0.6220829 1.6 7.155192 1.125026 7.125341 0 0.00979857 0.06213728 -0.0006100648 0.9980193
10.2421 FirstCar -6.977552 0.025 2.97 0 90 0 0 0.7071068 0 0.7071068 0 1
10.2434 Head -0.6220829 1.6 7.156927 1.125026 7.125341 0 0.00979857 0.06213728 -0.0006100648 0.9980193
10.2434 FirstCar -6.977552 0.025 2.97 0 90 0 0 0.7071068 0 0.7071068 0 1
10.2448 Head -0.6220829 1.6 7.158563 1.125026 7.125341 0 0.00979857 0.06213728 -0.0006100648 0.9980193
10.2448 FirstCar -6.977552 0.025 2.97 0 90 0 0 0.7071068 0 0.7071068 0 1
10.2466 Head -0.6220829 1.6 7.160391 1.125026 7.125341 0 0.00979857 0.06213728 -0.0006100648 0.9980193
10.2466 FirstCar -6.977552 0.025 2.97 0 90 0 0 0.7071068 0 0.7071068 0 1
10.2478 Head -0.6220829 1.6 7.162726 1.125026 7.125341 0 0.00979857 0.06213728 -0.0006100648 0.9980193
10.2478 FirstCar -6.977552 0.025 2.97 0 90 0 0 0.7071068 0 0.7071068 0 1
10.2495 Head -0.6220829 1.6 7.164403 1.125026 7.125341 0 0.00979857 0.06213728 -0.0006100648 0.9980193
10.2495 FirstCar -6.977552 0.025 2.97 0 90 0 0 0.7071068 0 0.7071068 0 1
10.2508 Head -0.6220829 1.6 7.166574 1.125026 7.125341 0 0.00979857 0.06213728 -0.0006100648 0.9980193
10.2508 FirstCar -6.977552 0.025 2.97 0 90 0 0 0.7071068 0 0.7071068 0 1
10.2520 Head -0.6220829 1.6 7.168274 1.125026 7.125341 0 0.00979857 0.06213728 -0.0006100648 0.9980193
10.2520 FirstCar -6.977552 0.025 2.97 0 90 0 0 0.7071068 0 0.7071068 0 1
10.2533 Head -0.6220829 1.6 7.169901 1.125026 7.125341 0 0.00979857 0.06213728 -0.0006100648 0.9980193
10.2533 FirstCar -6.977552 0.025 2.97 0 90 0 0 0.7071068 0 0.7071068 0 1
10.2546 Head -0.6220829 1.6 7.171503 1.125026 7.125341 0 0.00979857 0.06213728 -0.0006100648 0.9980193
10.2546 FirstCar -6.977552 0.025 2.97 0 90 0 0 0.7071068 0 0.7071068 0 1
10.2558 Head -0.6220829 1.6 7.173287 1.125026 7.125341 0 0.00979857 0.06213728 -0.0006100648 0.9980193
10.2558 FirstCar -6.977552 0.025 2.97 0 90 0 0 0.7071068 0 0.7071068 0 1
10.2570 Head -0.6220829 1.6 7.174892 1.125026 7.125341 0 0.00979857 0.06213728 -0.0006100648 0.9980193
10.2570 FirstCar -6.977552 0.025 2.97 0 90 0 0 0.7071068 0 0.7071068 0 1
10.2583 Head -0.6220829 1.6 7.176436 1.125026 7.125341 0 0.00979857 0.06213728 -0.0006100648 0.9980193
10.2583 FirstCar -6.977552 0.025 2.97 0 90 0 0 0.7071068 0 0.7071068 0 1
10.2594 Head -0.6220829 1.6 7.178068 1.125026 7.125341 0 0.00979857 0.06213728 -0.0006100648 0.9980193
10.2594 FirstCar -6.977552 0.025 2.97 0 90 0 0 0.7071068 0 0.7071068 0 1
10.2608 Head -0.6220829 1.6 7.179593 1.125026 7.125341 0 0.00979857 0.06213728 -0.0006100648 0.9980193
10.2608 FirstCar -6.977552 0.025 2.97 0 90 0 0 0.7071068 0 0.7071068 0 1
10.2623 Head -0.6220829 1.6 7.181352 1.125026 7.125341 0 0.00979857 0.06213728 -0.0006100648 0.9980193
10.2623 FirstCar -6.977552 0.025 2.97 0 90 0 0 0.7071068 0 0.7071068 0 1
10.2636 Head -0.6220829 1.6 7.18335 1.125026 7.125341 0 0.00979857 0.06213728 -0.0006100648 0.9980193
10.2636 FirstCar -6.977552 0.025 2.97 0 90 0 0 0.7071068 0 0.7071068 0 1
10.2648 Head -0.6220829 1.6 7.185076 1.125026 7.125341 0 0.00979857 0.06213728 -0.0006100648 0.9980193
10.2648 FirstCar -6.977552 0.025 2.97 0 90 0 0 0.7071068 0 0.7071068 0 1
10.2660 Head -0.6220829 1.6 7.186587 1.125026 7.125341 0 0.00979857 0.06213728 -0.0006100648 0.9980193
10.2660 FirstCar -6.977552 0.025 2.97 0 90 0 0 0.7071068 0 0.7071068 0 1
10.2673 Head -0.6220829 1.6 7.188181 1.125026 7.125341 0 0.00979857 0.06213728 -0.0006100648 0.9980193
10.2673 FirstCar -6.977552 0.025 2.97 0 90 0 0 0.7071068 0 0.7071068 0 1
10.2685 Head -0.6220829 1.6 7.18987 1.125026 7.125341 0 0.00979857 0.06213728 -0.0006100648 0.9980193
10.2685 FirstCar -6.977552 0.025 2.97 0 90 0 0 0.7071068 0 0.7071068 0 1
10.2701 Head -0.6220829 1.6 7.191456 1.125026 7.125341 0 0.00979857 0.06213728 -0.0006100648 0.9980193
10.2701 FirstCar -6.977552 0.025 2.97 0 90 0 0 0.7071068 0 0.7071068 0 1
10.2713 Head -0.6220829 1.6 7.193543 1.125026 7.125341 0 0.00979857 0.06213728 -0.0006100648 0.9980193
10.2713 FirstCar -6.977552 0.025 2.97 0 90 0 0 0.7071068 0 0.7071068 0 1
10.2726 Head -0.6220829 1.6 7.195179 1.125026 7.125341 0 0.00979857 0.06213728 -0.0006100648 0.9980193
10.2726 FirstCar -6.977552 0.025 2.97 0 90 0 0 0.7071068 0 0.7071068 0 1
10.2739 Head -0.6220829 1.6 7.196782 1.125026 7.125341 0 0.00979857 0.06213728 -0.0006100648 0.9980193
10.2739 FirstCar -6.977552 0.025 2.97 0 90 0 0 0.7071068 0 0.7071068 0 1
10.2751 Head -0.6220829 1.6 7.198556 1.125026 7.125341 0 0.00979857 0.06213728 -0.0006100648 0.9980193
10.2751 FirstCar -6.977552 0.025 2.97 0 90 0 0 0.7071068 0 0.7071068 0 1
10.2767 Other Head Road_Exit
10.2767 Head -0.6220829 1.6 7.200126 1.125026 7.125341 0 0.00979857 0.06213728 -0.0006100648 0.9980193
10.2767 FirstCar -6.977552 0.025 2.97 0 90 0 0 0.7071068 0 0.7071068 0 1
10.2780 Head -0.6220829 1.6 7.202196 1.125026 7.125341 0 0.00979857 0.06213728 -0.0006100648 0.9980193
10.2780 FirstCar -6.977552 0.025 2.97 0 90 0 0 0.7071068 0 0.7071068 0 1
10.2791 Head -0.6220829 1.6 7.203857 1.125026 7.125341 0 0.00979857 0.06213728 -0.0006100648 0.9980193
10.2791 FirstCar -6.977552 0.025 2.97 0 90 0 0 0.7071068 0 0.7071068 0 1
10.2805 Head -0.6220829 1.6 7.205354 1.125026 7.125341 0 0.00979857 0.06213728 -0.0006100648 0.9980193
10.2805 FirstCar -6.977552 0.025 2.97 0 90 0 0 0.7071068 0 0.7071068 0 1
10.2818 Head -0.6220829 1.6 7.207188 1.125026 7.125341 0 0.00979857 0.06213728 -0.0006100648 0.9980193
10.2818 FirstCar -6.977552 0.025 2.97 0 90 0 0 0.7071068 0 0.7071068 0 1
10.2830 Head -0.6220829 1.6 7.208921 1.125026 7.125341 0 0.00979857 0.06213728 -0.0006100648 0.9980193
10.2830 FirstCar -6.977552 0.025 2.97 0 90 0 0 0.7071068 0 0.7071068 0 1
10.2843 Head -0.6220829 1.6 7.210467 1.125026 7.125341 0 0.00979857 0.06213728 -0.0006100648 0.9980193
10.2843 FirstCar -6.977552 0.025 2.97 0 90 0 0 0.7071068 0 0.7071068 0 1
10.2855 Head -0.6220829 1.6 7.212195 1.125026 7.125341 0 0.00979857 0.06213728 -0.0006100648 0.9980193
10.2855 FirstCar -6.977552 0.025 2.97 0 90 0 0 0.7071068 0 0.7071068 0 1
10.2867 Head -0.6220829 1.6 7.213775 1.125026 7.125341 0 0.00979857 0.06213728 -0.0006100648 0.9980193
10.2867 FirstCar -6.977552 0.025 2.97 0 90 0 0 0.7071068 0 0.7071068 0 1
10.2880 Head -0.6220829 1.6 7.215343 1.125026 7.125341 0 0.00979857 0.06213728 -0.0006100648 0.9980193
10.2880 FirstCar -6.977552 0.025 2.97 0 90 0 0 0.7071068 0 0.7071068 0 1
10.2897 Head -0.6220829 1.6 7.217051 1.125026 7.125341 0 0.00979857 0.06213728 -0.0006100648 0.9980193
10.2897 FirstCar -6.977552 0.025 2.97 0 90 0 0 0.7071068 0 0.7071068 0 1
10.2912 Head -0.6220829 1.6 7.219249 1.125026 7.125341 0 0.00979857 0.06213728 -0.0006100648 0.9980193
10.2912 FirstCar -6.977552 0.025 2.97 0 90 0 0 0.7071068 0 0.7071068 0 1
10.2924 Head -0.6220829 1.6 7.221154 1.125026 7.125341 0 0.00979857 0.06213728 -0.0006100648 0.9980193
10.2924 FirstCar -6.977552 0.025 2.97 0 90 0 0 0.7071068 0 0.7071068 0 1
10.2936 Head -0.6220829 1.6 7.222719 1.125026 7.125341 0 0.00979857 0.06213728 -0.0006100648 0.9980193
10.2936 FirstCar -6.977552 0.025 2.97 0 90 0 0 0.7071068 0 0.7071068 0 1
10.2949 Head -0.6220829 1.6 7.224356 1.125026 7.125341 0 0.00979857 0.06213728 -0.0006100648 0.9980193
10.2949 FirstCar -6.977552 0.025 2.97 0 90 0 0 0.7071068 0 0.7071068 0 1
10.2963 Head -0.6220829 1.6 7.22612 1.125026 7.125341 0 0.00979857 0.06213728 -0.0006100648 0.9980193
10.2963 FirstCar -6.977552 0.025 2.97 0 90 0 0 0.7071068 0 0.7071068 0 1
10.2978 Head -0.6220829 1.6 7.227884 1.125026 7.125341 0 0.00979857 0.06213728 -0.0006100648 0.9980193
10.2978 FirstCar -6.977552 0.025 2.97 0 90 0 0 0.7071068 0 0.7071068 0 1
10.2992 Head -0.6220829 1.6 7.229813 1.125026 7.125341 0 0.00979857 0.06213728 -0.0006100648 0.9980193
10.2992 FirstCar -6.977552 0.025 2.97 0 90 0 0 0.7071068 0 0.7071068 0 1
10.3005 Head -0.6220829 1.6 7.231702 1.125026 7.125341 0 0.00979857 0.06213728 -0.0006100648 0.9980193
10.3005 FirstCar -6.977552 0.025 2.97 0 90 0 0 0.7071068 0 0.7071068 0 1
10.3018 Head -0.6220829 1.6 7.233387 1.125026 7.125341 0 0.00979857 0.06213728 -0.0006100648 0.9980193
10.3018 FirstCar -6.977552 0.025 2.97 0 90 0 0 0.7071068 0 0.7071068 0 1
10.3031 Head -0.6220829 1.6 7.235123 1.125026 7.125341 0 0.00979857 0.06213728 -0.0006100648 0.9980193
10.3031 FirstCar -6.977552 0.025 2.97 0 90 0 0 0.7071068 0 0.7071068 0 1
10.3043 Head -0.6220829 1.6 7.236805 1.125026 7.125341 0 0.00979857 0.06213728 -0.0006100648 0.9980193
10.3043 FirstCar -6.977552 0.025 2.97 0 90 0 0 0.7071068 0 0.7071068 0 1
10.3057 Head -0.6220829 1.6 7.238366 1.125026 7.125341 0 0.00979857 0.06213728 -0.0006100648 0.9980193
10.3057 FirstCar -6.977552 0.025 2.97 0 90 0 0 0.7071068 0 0.7071068 0 1
10.3069 Head -0.6220829 1.6 7.240167 1.125026 7.125341 0 0.00979857 0.06213728 -0.0006100648 0.9980193
10.3069 FirstCar -6.977552 0.025 2.97 0 90 0 0 0.7071068 0 0.7071068 0 1
10.3081 Head -0.6220829 1.6 7.241797 1.125026 7.125341 0 0.00979857 0.06213728 -0.0006100648 0.9980193
10.3081 FirstCar -6.977552 0.025 2.97 0 90 0 0 0.7071068 0 0.7071068 0 1
10.3097 Head -0.6220829 1.6 7.243413 1.125026 7.125341 0 0.00979857 0.06213728 -0.0006100648 0.9980193
10.3097 FirstCar -6.977552 0.025 2.97 0 90 0 0 0.7071068 0 0.7071068 0 1
10.3109 Head -0.6220829 1.6 7.245401 1.125026 7.125341 0 0.00979857 0.06213728 -0.0006100648 0.9980193
10.3109 FirstCar -6.977552 0.025 2.97 0 90 0 0 0.7071068 0 0.7071068 0 1
10.3124 Head -0.6220829 1.6 7.247082 1.125026 7.125341 0 0.00979857 0.06213728 -0.0006100648 0.9980193
10.3124 FirstCar -6.977552 0.025 2.97 0 90 0 0 0.7071068 0 0.7071068 0 1
10.3136 Head -0.6220829 1.6 7.248969 1.125026 7.125341 0 0.00979857 0.06213728 -0.0006100648 0.9980193
10.3136 FirstCar -6.977552 0.025 2.97 0 90 0 0 0.7071068 0 0.7071068 0 1
10.3149 Head -0.6220829 1.6 7.250581 1.125026 7.125341 0 0.00979857 0.06213728 -0.0006100648 0.9980193
10.3149 FirstCar -6.977552 0.025 2.97 0 90 0 0 0.7071068 0 0.7071068 0 1
10.3162 Head -0.6220829 1.6 7.25227 1.125026 7.125341 0 0.00979857 0.06213728 -0.0006100648 0.9980193
10.3162 FirstCar -6.977552 0.025 2.97 0 90 0 0 0.7071068 0 0.7071068 0 1
10.3175 Head -0.6220829 1.6 7.25396 1.125026 7.125341 0 0.00979857 0.06213728 -0.0006100648 0.9980193
10.3175 FirstCar -6.977552 0.025 2.97 0 90 0 0 0.7071068 0 0.7071068 0 1
10.3188 Head -0.6220829 1.6 7.255625 1.125026 7.125341 0 0.00979857 0.06213728 -0.0006100648 0.9980193
10.3188 FirstCar -6.977552 0.025 2.97 0 90 0 0 0.7071068 0 0.7071068 0 1
10.3202 Head -0.6220829 1.6 7.257355 1.125026 7.125341 0 0.00979857 0.06213728 -0.0006100648 0.9980193
10.3202 FirstCar -6.977552 0.025 2.97 0 90 0 0 0.7071068 0 0.7071068 0 1
10.3214 Head -0.6220829 1.6 7.259145 1.125026 7.125341 0 0.00979857 0.06213728 -0.0006100648 0.9980193
10.3214 FirstCar -6.977552 0.025 2.97 0 90 0 0 0.7071068 0 0.7071068 0 1
10.3229 Head -0.6220829 1.6 7.260831 1.125026 7.125341 0 0.00979857 0.06213728 -0.0006100648 0.9980193
10.3229 FirstCar -6.977552 0.025 2.97 0 90 0 0 0.7071068 0 0.7071068 0 1
10.3248 Head -0.6220829 1.6 7.262759 1.125026 7.125341 0 0.00979857 0.06213728 -0.0006100648 0.9980193
10.3248 FirstCar -6.977552 0.025 2.97 0 90 0 0 0.7071068 0 0.7071068 0 1
10.3261 Head -0.6220829 1.6 7.265167 1.125026 7.125341 0 0.00979857 0.06213728 -0.0006100648 0.9980193
10.3261 FirstCar -6.977552 0.025 2.97 0 90 0 0 0.7071068 0 0.7071068 0 1
10.3276 Head -0.6220829 1.6 7.266909 1.125026 7.125341 0 0.00979857 0.06213728 -0.0006100648 0.9980193
10.3276 FirstCar -6.977552 0.025 2.97 0 90 0 0 0.7071068 0 0.7071068 0 1
10.3292 Head -0.6220829 1.6 7.268837 1.125026 7.125341 0 0.00979857 0.06213728 -0.0006100648 0.9980193
10.3292 FirstCar -6.977552 0.025 2.97 0 90 0 0 0.7071068 0 0.7071068 0 1
10.3306 Head -0.6220829 1.6 7.27099 1.125026 7.125341 0 0.00979857 0.06213728 -0.0006100648 0.9980193
10.3306 FirstCar -6.977552 0.025 2.97 0 90 0 0 0.7071068 0 0.7071068 0 1
10.3320 Head -0.6220829 1.6 7.272815 1.125026 7.125341 0 0.00979857 0.06213728 -0.0006100648 0.9980193
10.3320 FirstCar -6.977552 0.025 2.97 0 90 0 0 0.7071068 0 0.7071068 0 1
10.3333 Head -0.6220829 1.6 7.274611 1.125026 7.125341 0 0.00979857 0.06213728 -0.0006100648 0.9980193
10.3333 FirstCar -6.977552 0.025 2.97 0 90 0 0 0.7071068 0 0.7071068 0 1
10.3347 Head -0.6220829 1.6 7.276328 1.125026 7.125341 0 0.00979857 0.06213728 -0.0006100648 0.9980193
10.3347 FirstCar -6.977552 0.025 2.97 0 90 0 0 0.7071068 0 0.7071068 0 1
10.3359 Head -0.6220829 1.6 7.278162 1.125026 7.125341 0 0.00979857 0.06213728 -0.0006100648 0.9980193
10.3359 FirstCar -6.977552 0.025 2.97 0 90 0 0 0.7071068 0 0.7071068 0 1
10.3374 Head -0.6220829 1.6 7.279827 1.125026 7.125341 0 0.00979857 0.06213728 -0.0006100648 0.9980193
10.3374 FirstCar -6.977552 0.025 2.97 0 90 0 0 0.7071068 0 0.7071068 0 1
10.3387 Head -0.6220829 1.6 7.281722 1.125026 7.125341 0 0.00979857 0.06213728 -0.0006100648 0.9980193
10.3387 FirstCar -6.977552 0.025 2.97 0 90 0 0 0.7071068 0 0.7071068 0 1
10.3400 Head -0.6220829 1.6 7.283465 1.125026 7.125341 0 0.00979857 0.06213728 -0.0006100648 0.9980193
10.3400 FirstCar -6.977552 0.025 2.97 0 90 0 0 0.7071068 0 0.7071068 0 1
10.3413 Head -0.6220829 1.6 7.285139 1.125026 7.125341 0 0.00979857 0.06213728 -0.0006100648 0.9980193
10.3413 FirstCar -6.977552 0.025 2.97 0 90 0 0 0.7071068 0 0.7071068 0 1
10.3427 Head -0.6220829 1.6 7.286857 1.125026 7.125341 0 0.00979857 0.06213728 -0.0006100648 0.9980193
10.3427 FirstCar -6.977552 0.025 2.97 0 90 0 0 0.7071068 0 0.7071068 0 1
10.3443 Head -0.6220829 1.6 7.288744 1.125026 7.125341 0 0.00979857 0.06213728 -0.0006100648 0.9980193
10.3443 FirstCar -6.977552 0.025 2.97 0 90 0 0 0.7071068 0 0.7071068 0 1
10.3460 Head -0.6220829 1.6 7.290824 1.125026 7.125341 0 0.00979857 0.06213728 -0.0006100648 0.9980193
10.3460 FirstCar -6.977552 0.025 2.97 0 90 0 0 0.7071068 0 0.7071068 0 1
10.3476 Head -0.6220829 1.6 7.292971 1.125026 7.125341 0 0.00979857 0.06213728 -0.0006100648 0.9980193
10.3476 FirstCar -6.977552 0.025 2.97 0 90 0 0 0.7071068 0 0.7071068 0 1
10.3495 Head -0.6220829 1.6 7.295128 1.125026 7.125341 0 0.00979857 0.06213728 -0.0006100648 0.9980193
10.3495 FirstCar -6.977552 0.025 2.97 0 90 0 0 0.7071068 0 0.7071068 0 1
10.3511 Head -0.6220829 1.6 7.297631 1.125026 7.125341 0 0.00979857 0.06213728 -0.0006100648 0.9980193
10.3511 FirstCar -6.977552 0.025 2.97 0 90 0 0 0.7071068 0 0.7071068 0 1
10.3528 Head -0.6220829 1.6 7.299643 1.125026 7.125341 0 0.00979857 0.06213728 -0.0006100648 0.9980193
10.3528 FirstCar -6.977552 0.025 2.97 0 90 0 0 0.7071068 0 0.7071068 0 1
10.3543 Head -0.6220829 1.6 7.301923 1.125026 7.125341 0 0.00979857 0.06213728 -0.0006100648 0.9980193
10.3543 FirstCar -6.977552 0.025 2.97 0 90 0 0 0.7071068 0 0.7071068 0 1
10.3558 Head -0.6220829 1.6 7.303879 1.125026 7.125341 0 0.00979857 0.06213728 -0.0006100648 0.9980193
10.3558 FirstCar -6.977552 0.025 2.97 0 90 0 0 0.7071068 0 0.7071068 0 1
10.3573 Head -0.6220829 1.6 7.305881 1.125026 7.125341 0 0.00979857 0.06213728 -0.0006100648 0.9980193
10.3573 FirstCar -6.977552 0.025 2.97 0 90 0 0 0.7071068 0 0.7071068 0 1
10.3589 Head -0.6220829 1.6 7.307799 1.125026 7.125341 0 0.00979857 0.06213728 -0.0006100648 0.9980193
10.3589 FirstCar -6.977552 0.025 2.97 0 90 0 0 0.7071068 0 0.7071068 0 1
10.3604 Head -0.6220829 1.6 7.309879 1.125026 7.125341 0 0.00979857 0.06213728 -0.0006100648 0.9980193
10.3604 FirstCar -6.977552 0.025 2.97 0 90 0 0 0.7071068 0 0.7071068 0 1
10.3618 Head -0.6220829 1.6 7.311843 1.125026 7.125341 0 0.00979857 0.06213728 -0.0006100648 0.9980193
10.3618 FirstCar -6.977552 0.025 2.97 0 90 0 0 0.7071068 0 0.7071068 0 1
10.3631 Head -0.6220829 1.6 7.313662 1.125026 7.125341 0 0.00979857 0.06213728 -0.0006100648 0.9980193
10.3631 FirstCar -6.977552 0.025 2.97 0 90 0 0 0.7071068 0 0.7071068 0 1
10.3646 Head -0.6220829 1.6 7.315356 1.125026 7.125341 0 0.00979857 0.06213728 -0.0006100648 0.9980193
10.3646 FirstCar -6.977552 0.025 2.97 0 90 0 0 0.7071068 0 0.7071068 0 1
10.3659 Head -0.6220829 1.6 7.317348 1.125026 7.125341 0 0.00979857 0.06213728 -0.0006100648 0.9980193
10.3659 FirstCar -6.977552 0.025 2.97 0 90 0 0 0.7071068 0 0.7071068 0 1
10.3674 Head -0.6220829 1.6 7.319129 1.125026 7.125341 0 0.00979857 0.06213728 -0.0006100648 0.9980193
10.3674 FirstCar -6.977552 0.025 2.97 0 90 0 0 0.7071068 0 0.7071068 0 1
10.3694 Head -0.6220829 1.6 7.321026 1.125026 7.125341 0 0.00979857 0.06213728 -0.0006100648 0.9980193
10.3694 FirstCar -6.977552 0.025 2.97 0 90 0 0 0.7071068 0 0.7071068 0 1
10.3709 Head -0.6220829 1.6 7.323594 1.125026 7.125341 0 0.00979857 0.06213728 -0.0006100648 0.9980193
10.3709 FirstCar -6.977552 0.025 2.97 0 90 0 0 0.7071068 0 0.7071068 0 1
10.3723 Head -0.6220829 1.6 7.325634 1.125026 7.125341 0 0.00979857 0.06213728 -0.0006100648 0.9980193
10.3723 FirstCar -6.977552 0.025 2.97 0 90 0 0 0.7071068 0 0.7071068 0 1
10.3736 Head -0.6220829 1.6 7.327466 1.125026 7.125341 0 0.00979857 0.06213728 -0.0006100648 0.9980193
10.3736 FirstCar -6.977552 0.025 2.97 0 90 0 0 0.7071068 0 0.7071068 0 1
10.3749 Head -0.6220829 1.6 7.329205 1.125026 7.125341 0 0.00979857 0.06213728 -0.0006100648 0.9980193
10.3749 FirstCar -6.977552 0.025 2.97 0 90 0 0 0.7071068 0 0.7071068 0 1
10.3762 Head -0.6220829 1.6 7.330871 1.125026 7.125341 0 0.00979857 0.06213728 -0.0006100648 0.9980193
10.3762 FirstCar -6.977552 0.025 2.97 0 90 0 0 0.7071068 0 0.7071068 0 1
10.3775 Head -0.6220829 1.6 7.332551 1.125026 7.125341 0 0.00979857 0.06213728 -0.0006100648 0.9980193
10.3775 FirstCar -6.977552 0.025 2.97 0 90 0 0 0.7071068 0 0.7071068 0 1
10.3787 Head -0.6220829 1.6 7.334228 1.125026 7.125341 0 0.00979857 0.06213728 -0.0006100648 0.9980193
10.3787 FirstCar -6.977552 0.025 2.97 0 90 0 0 0.7071068 0 0.7071068 0 1
10.3799 Head -0.6220829 1.6 7.335843 1.125026 7.125341 0 0.00979857 0.06213728 -0.0006100648 0.9980193
10.3799 FirstCar -6.977552 0.025 2.97 0 90 0 0 0.7071068 0 0.7071068 0 1
10.3814 Head -0.6220829 1.6 7.337452 1.125026 7.125341 0 0.00979857 0.06213728 -0.0006100648 0.9980193
10.3814 FirstCar -6.977552 0.025 2.97 0 90 0 0 0.7071068 0 0.7071068 0 1
10.3827 Head -0.6220829 1.6 7.339398 1.125026 7.125341 0 0.00979857 0.06213728 -0.0006100648 0.9980193
10.3827 FirstCar -6.977552 0.025 2.97 0 90 0 0 0.7071068 0 0.7071068 0 1
10.3840 Head -0.6220829 1.6 7.341088 1.125026 7.125341 0 0.00979857 0.06213728 -0.0006100648 0.9980193
10.3840 FirstCar -6.977552 0.025 2.97 0 90 0 0 0.7071068 0 0.7071068 0 1
10.3852 Head -0.6220829 1.6 7.342727 1.125026 7.125341 0 0.00979857 0.06213728 -0.0006100648 0.9980193
10.3852 FirstCar -6.977552 0.025 2.97 0 90 0 0 0.7071068 0 0.7071068 0 1
10.3864 Head -0.6220829 1.6 7.344355 1.125026 7.125341 0 0.00979857 0.06213728 -0.0006100648 0.9980193
10.3864 FirstCar -6.977552 0.025 2.97 0 90 0 0 0.7071068 0 0.7071068 0 1
10.3878 Head -0.6220829 1.6 7.345959 1.125026 7.125341 0 0.00979857 0.06213728 -0.0006100648 0.9980193
10.3878 FirstCar -6.977552 0.025 2.97 0 90 0 0 0.7071068 0 0.7071068 0 1
10.3893 Head -0.6220829 1.6 7.347734 1.125026 7.125341 0 0.00979857 0.06213728 -0.0006100648 0.9980193
10.3893 FirstCar -6.977552 0.025 2.97 0 90 0 0 0.7071068 0 0.7071068 0 1
10.3907 Head -0.6220829 1.6 7.349749 1.125026 7.125341 0 0.00979857 0.06213728 -0.0006100648 0.9980193
10.3907 FirstCar -6.977552 0.025 2.97 0 90 0 0 0.7071068 0 0.7071068 0 1
10.3920 Head -0.6220829 1.6 7.351506 1.125026 7.125341 0 0.00979857 0.06213728 -0.0006100648 0.9980193
10.3920 FirstCar -6.977552 0.025 2.97 0 90 0 0 0.7071068 0 0.7071068 0 1
10.3935 Head -0.6220829 1.6 7.35332 1.125026 7.125341 0 0.00979857 0.06213728 -0.0006100648 0.9980193
10.3935 FirstCar -6.977552 0.025 2.97 0 90 0 0 0.7071068 0 0.7071068 0 1
10.3950 Head -0.6220829 1.6 7.355193 1.125026 7.125341 0 0.00979857 0.06213728 -0.0006100648 0.9980193
10.3950 FirstCar -6.977552 0.025 2.97 0 90 0 0 0.7071068 0 0.7071068 0 1
10.3963 Head -0.6220829 1.6 7.357233 1.125026 7.125341 0 0.00979857 0.06213728 -0.0006100648 0.9980193
10.3963 FirstCar -6.977552 0.025 2.97 0 90 0 0 0.7071068 0 0.7071068 0 1
10.3975 Head -0.6220829 1.6 7.358921 1.125026 7.125341 0 0.00979857 0.06213728 -0.0006100648 0.9980193
10.3975 FirstCar -6.977552 0.025 2.97 0 90 0 0 0.7071068 0 0.7071068 0 1
10.3988 Head -0.6220829 1.6 7.360476 1.125026 7.125341 0 0.00979857 0.06213728 -0.0006100648 0.9980193
10.3988 FirstCar -6.977552 0.025 2.97 0 90 0 0 0.7071068 0 0.7071068 0 1
10.4001 Head -0.6220829 1.6 7.362133 1.125026 7.125341 0 0.00979857 0.06213728 -0.0006100648 0.9980193
10.4001 FirstCar -6.977552 0.025 2.97 0 90 0 0 0.7071068 0 0.7071068 0 1
10.4013 Head -0.6220829 1.6 7.363852 1.125026 7.125341 0 0.00979857 0.06213728 -0.0006100648 0.9980193
10.4013 FirstCar -6.977552 0.025 2.97 0 90 0 0 0.7071068 0 0.7071068 0 1
10.4027 Head -0.6220829 1.6 7.365407 1.125026 7.125341 0 0.00979857 0.06213728 -0.0006100648 0.9980193
10.4027 FirstCar -6.977552 0.025 2.97 0 90 0 0 0.7071068 0 0.7071068 0 1
10.4042 Head -0.6220829 1.6 7.367268 1.125026 7.125341 0 0.00979857 0.06213728 -0.0006100648 0.9980193
10.4042 FirstCar -6.977552 0.025 2.97 0 90 0 0 0.7071068 0 0.7071068 0 1
10.4055 Head -0.6220829 1.6 7.369196 1.125026 7.125341 0 0.00979857 0.06213728 -0.0006100648 0.9980193
10.4055 FirstCar -6.977552 0.025 2.97 0 90 0 0 0.7071068 0 0.7071068 0 1
10.4068 Head -0.6220829 1.6 7.371006 1.125026 7.125341 0 0.00979857 0.06213728 -0.0006100648 0.9980193
10.4068 FirstCar -6.977552 0.025 2.97 0 90 0 0 0.7071068 0 0.7071068 0 1
10.4081 Head -0.6220829 1.6 7.372683 1.125026 7.125341 0 0.00979857 0.06213728 -0.0006100648 0.9980193
10.4081 FirstCar -6.977552 0.025 2.97 0 90 0 0 0.7071068 0 0.7071068 0 1
10.4096 Head -0.6220829 1.6 7.374392 1.125026 7.125341 0 0.00979857 0.06213728 -0.0006100648 0.9980193
10.4096 FirstCar -6.977552 0.025 2.97 0 90 0 0 0.7071068 0 0.7071068 0 1
10.4109 Head -0.6220829 1.6 7.376343 1.125026 7.125341 0 0.00979857 0.06213728 -0.0006100648 0.9980193
10.4109 FirstCar -6.977552 0.025 2.97 0 90 0 0 0.7071068 0 0.7071068 0 1
10.4122 Head -0.6220829 1.6 7.378063 1.125026 7.125341 0 0.00979857 0.06213728 -0.0006100648 0.9980193
10.4122 FirstCar -6.977552 0.025 2.97 0 90 0 0 0.7071068 0 0.7071068 0 1
10.4135 Head -0.6220829 1.6 7.379763 1.125026 7.125341 0 0.00979857 0.06213728 -0.0006100648 0.9980193
10.4135 FirstCar -6.977552 0.025 2.97 0 90 0 0 0.7071068 0 0.7071068 0 1
10.4148 Head -0.6220829 1.6 7.381406 1.125026 7.125341 0 0.00979857 0.06213728 -0.0006100648 0.9980193
10.4148 FirstCar -6.977552 0.025 2.97 0 90 0 0 0.7071068 0 0.7071068 0 1
10.4160 Head -0.6220829 1.6 7.383109 1.125026 7.125341 0 0.00979857 0.06213728 -0.0006100648 0.9980193
10.4160 FirstCar -6.977552 0.025 2.97 0 90 0 0 0.7071068 0 0.7071068 0 1
10.4173 Head -0.6220829 1.6 7.384727 1.125026 7.125341 0 0.00979857 0.06213728 -0.0006100648 0.9980193
10.4173 FirstCar -6.977552 0.025 2.97 0 90 0 0 0.7071068 0 0.7071068 0 1
10.4185 Head -0.6220829 1.6 7.386399 1.125026 7.125341 0 0.00979857 0.06213728 -0.0006100648 0.9980193
10.4185 FirstCar -6.977552 0.025 2.97 0 90 0 0 0.7071068 0 0.7071068 0 1
10.4197 Head -0.6220829 1.6 7.387966 1.125026 7.125341 0 0.00979857 0.06213728 -0.0006100648 0.9980193
10.4197 FirstCar -6.977552 0.025 2.97 0 90 0 0 0.7071068 0 0.7071068 0 1
10.4209 Head -0.6220829 1.6 7.389514 1.125026 7.125341 0 0.00979857 0.06213728 -0.0006100648 0.9980193
10.4209 FirstCar -6.977552 0.025 2.97 0 90 0 0 0.7071068 0 0.7071068 0 1
10.4223 Head -0.6220829 1.6 7.391171 1.125026 7.125341 0 0.00979857 0.06213728 -0.0006100648 0.9980193
10.4223 FirstCar -6.977552 0.025 2.97 0 90 0 0 0.7071068 0 0.7071068 0 1
10.4237 Head -0.6220829 1.6 7.393008 1.125026 7.125341 0 0.00979857 0.06213728 -0.0006100648 0.9980193
10.4237 FirstCar -6.977552 0.025 2.97 0 90 0 0 0.7071068 0 0.7071068 0 1
10.4249 Head -0.6220829 1.6 7.394747 1.125026 7.125341 0 0.00979857 0.06213728 -0.0006100648 0.9980193
10.4249 FirstCar -6.977552 0.025 2.97 0 90 0 0 0.7071068 0 0.7071068 0 1
10.4264 Head -0.6220829 1.6 7.396352 1.125026 7.125341 0 0.00979857 0.06213728 -0.0006100648 0.9980193
10.4264 FirstCar -6.977552 0.025 2.97 0 90 0 0 0.7071068 0 0.7071068 0 1
10.4277 Head -0.6220829 1.6 7.398321 1.125026 7.125341 0 0.00979857 0.06213728 -0.0006100648 0.9980193
10.4277 FirstCar -6.977552 0.025 2.97 0 90 0 0 0.7071068 0 0.7071068 0 1
10.4293 Head -0.6220829 1.6 7.400083 1.125026 7.125341 0 0.00979857 0.06213728 -0.0006100648 0.9980193
10.4293 FirstCar -6.977552 0.025 2.97 0 90 0 0 0.7071068 0 0.7071068 0 1
10.4308 Head -0.6220829 1.6 7.402143 1.125026 7.125341 0 0.00979857 0.06213728 -0.0006100648 0.9980193
10.4308 FirstCar -6.977552 0.025 2.97 0 90 0 0 0.7071068 0 0.7071068 0 1
10.4322 Head -0.6220829 1.6 7.404148 1.125026 7.125341 0 0.00979857 0.06213728 -0.0006100648 0.9980193
10.4322 FirstCar -6.977552 0.025 2.97 0 90 0 0 0.7071068 0 0.7071068 0 1
10.4335 Head -0.6220829 1.6 7.405951 1.125026 7.125341 0 0.00979857 0.06213728 -0.0006100648 0.9980193
10.4335 FirstCar -6.977552 0.025 2.97 0 90 0 0 0.7071068 0 0.7071068 0 1
10.4348 Head -0.6220829 1.6 7.40768 1.125026 7.125341 0 0.00979857 0.06213728 -0.0006100648 0.9980193
10.4348 FirstCar -6.977552 0.025 2.97 0 90 0 0 0.7071068 0 0.7071068 0 1
10.4361 Head -0.6220829 1.6 7.409291 1.125026 7.125341 0 0.00979857 0.06213728 -0.0006100648 0.9980193
10.4361 FirstCar -6.977552 0.025 2.97 0 90 0 0 0.7071068 0 0.7071068 0 1
10.4373 Head -0.6220829 1.6 7.410989 1.125026 7.125341 0 0.00979857 0.06213728 -0.0006100648 0.9980193
10.4373 FirstCar -6.977552 0.025 2.97 0 90 0 0 0.7071068 0 0.7071068 0 1
10.4385 Head -0.6220829 1.6 7.412641 1.125026 7.125341 0 0.00979857 0.06213728 -0.0006100648 0.9980193
10.4385 FirstCar -6.977552 0.025 2.97 0 90 0 0 0.7071068 0 0.7071068 0 1
10.4399 Head -0.6220829 1.6 7.414236 1.125026 7.125341 0 0.00979857 0.06213728 -0.0006100648 0.9980193
10.4399 FirstCar -6.977552 0.025 2.97 0 90 0 0 0.7071068 0 0.7071068 0 1
10.4412 Head -0.6220829 1.6 7.41606 1.125026 7.125341 0 0.00979857 0.06213728 -0.0006100648 0.9980193
10.4412 FirstCar -6.977552 0.025 2.97 0 90 0 0 0.7071068 0 0.7071068 0 1
10.4425 Head -0.6220829 1.6 7.417715 1.125026 7.125341 0 0.00979857 0.06213728 -0.0006100648 0.9980193
10.4425 FirstCar -6.977552 0.025 2.97 0 90 0 0 0.7071068 0 0.7071068 0 1
10.4437 Head -0.6220829 1.6 7.419356 1.125026 7.125341 0 0.00979857 0.06213728 -0.0006100648 0.9980193
10.4437 FirstCar -6.977552 0.025 2.97 0 90 0 0 0.7071068 0 0.7071068 0 1
10.4450 Head -0.6220829 1.6 7.421051 1.125026 7.125341 0 0.00979857 0.06213728 -0.0006100648 0.9980193
10.4450 FirstCar -6.977552 0.025 2.97 0 90 0 0 0.7071068 0 0.7071068 0 1
10.4463 Head -0.6220829 1.6 7.422744 1.125026 7.125341 0 0.00979857 0.06213728 -0.0006100648 0.9980193
10.4463 FirstCar -6.977552 0.025 2.97 0 90 0 0 0.7071068 0 0.7071068 0 1
10.4475 Head -0.6220829 1.6 7.42437 1.125026 7.125341 0 0.00979857 0.06213728 -0.0006100648 0.9980193
10.4475 FirstCar -6.977552 0.025 2.97 0 90 0 0 0.7071068 0 0.7071068 0 1
10.4491 Head -0.6220829 1.6 7.426008 1.125026 7.125341 0 0.00979857 0.06213728 -0.0006100648 0.9980193
10.4491 FirstCar -6.977552 0.025 2.97 0 90 0 0 0.7071068 0 0.7071068 0 1
10.4504 Head -0.6220829 1.6 7.428068 1.125026 7.125341 0 0.00979857 0.06213728 -0.0006100648 0.9980193
10.4504 FirstCar -6.977552 0.025 2.97 0 90 0 0 0.7071068 0 0.7071068 0 1
10.4520 Head -0.6220829 1.6 7.429817 1.125026 7.125341 0 0.00979857 0.06213728 -0.0006100648 0.9980193
10.4520 FirstCar -6.977552 0.025 2.97 0 90 0 0 0.7071068 0 0.7071068 0 1
10.4534 Head -0.6220829 1.6 7.431808 1.125026 7.125341 0 0.00979857 0.06213728 -0.0006100648 0.9980193
10.4534 FirstCar -6.977552 0.025 2.97 0 90 0 0 0.7071068 0 0.7071068 0 1
10.4546 Head -0.6220829 1.6 7.433742 1.125026 7.125341 0 0.00979857 0.06213728 -0.0006100648 0.9980193
10.4546 FirstCar -6.977552 0.025 2.97 0 90 0 0 0.7071068 0 0.7071068 0 1
10.4560 Head -0.6220829 1.6 7.435329 1.125026 7.125341 0 0.00979857 0.06213728 -0.0006100648 0.9980193
10.4560 FirstCar -6.977552 0.025 2.97 0 90 0 0 0.7071068 0 0.7071068 0 1
10.4572 Head -0.6220829 1.6 7.437065 1.125026 7.125341 0 0.00979857 0.06213728 -0.0006100648 0.9980193
10.4572 FirstCar -6.977552 0.025 2.97 0 90 0 0 0.7071068 0 0.7071068 0 1
10.4585 Head -0.6220829 1.6 7.438667 1.125026 7.125341 0 0.00979857 0.06213728 -0.0006100648 0.9980193
10.4585 FirstCar -6.977552 0.025 2.97 0 90 0 0 0.7071068 0 0.7071068 0 1
10.4598 Head -0.6220829 1.6 7.440428 1.125026 7.125341 0 0.00979857 0.06213728 -0.0006100648 0.9980193
10.4598 FirstCar -6.977552 0.025 2.97 0 90 0 0 0.7071068 0 0.7071068 0 1
10.4611 Head -0.6220829 1.6 7.442132 1.125026 7.125341 0 0.00979857 0.06213728 -0.0006100648 0.9980193
10.4611 FirstCar -6.977552 0.025 2.97 0 90 0 0 0.7071068 0 0.7071068 0 1
10.4624 Head -0.6220829 1.6 7.443763 1.125026 7.125341 0 0.00979857 0.06213728 -0.0006100648 0.9980193
10.4624 FirstCar -6.977552 0.025 2.97 0 90 0 0 0.7071068 0 0.7071068 0 1
10.4636 Head -0.6220829 1.6 7.445426 1.125026 7.125341 0 0.00979857 0.06213728 -0.0006100648 0.9980193
10.4636 FirstCar -6.977552 0.025 2.97 0 90 0 0 0.7071068 0 0.7071068 0 1
10.4649 Head -0.6220829 1.6 7.447052 1.125026 7.125341 0 0.00979857 0.06213728 -0.0006100648 0.9980193
10.4649 FirstCar -6.977552 0.025 2.97 0 90 0 0 0.7071068 0 0.7071068 0 1
10.4662 Head -0.6220829 1.6 7.448712 1.125026 7.125341 0 0.00979857 0.06213728 -0.0006100648 0.9980193
10.4662 FirstCar -6.977552 0.025 2.97 0 90 0 0 0.7071068 0 0.7071068 0 1
10.4674 Head -0.6220829 1.6 7.450437 1.125026 7.125341 0 0.00979857 0.06213728 -0.0006100648 0.9980193
10.4674 FirstCar -6.977552 0.025 2.97 0 90 0 0 0.7071068 0 0.7071068 0 1
10.4689 Head -0.6220829 1.6 7.452027 1.125026 7.125341 0 0.00979857 0.06213728 -0.0006100648 0.9980193
10.4689 FirstCar -6.977552 0.025 2.97 0 90 0 0 0.7071068 0 0.7071068 0 1
10.4703 Head -0.6220829 1.6 7.453975 1.125026 7.125341 0 0.00979857 0.06213728 -0.0006100648 0.9980193
10.4703 FirstCar -6.977552 0.025 2.97 0 90 0 0 0.7071068 0 0.7071068 0 1
10.4715 Head -0.6220829 1.6 7.455798 1.125026 7.125341 0 0.00979857 0.06213728 -0.0006100648 0.9980193
10.4715 FirstCar -6.977552 0.025 2.97 0 90 0 0 0.7071068 0 0.7071068 0 1
10.4728 Head -0.6220829 1.6 7.457418 1.125026 7.125341 0 0.00979857 0.06213728 -0.0006100648 0.9980193
10.4728 FirstCar -6.977552 0.025 2.97 0 90 0 0 0.7071068 0 0.7071068 0 1
10.4740 Head -0.6220829 1.6 7.459138 1.125026 7.125341 0 0.00979857 0.06213728 -0.0006100648 0.9980193
10.4740 FirstCar -6.977552 0.025 2.97 0 90 0 0 0.7071068 0 0.7071068 0 1
10.4753 Head -0.6220829 1.6 7.460709 1.125026 7.125341 0 0.00979857 0.06213728 -0.0006100648 0.9980193
10.4753 FirstCar -6.977552 0.025 2.97 0 90 0 0 0.7071068 0 0.7071068 0 1
10.4766 Head -0.6220829 1.6 7.462411 1.125026 7.125341 0 0.00979857 0.06213728 -0.0006100648 0.9980193
10.4766 FirstCar -6.977552 0.025 2.97 0 90 0 0 0.7071068 0 0.7071068 0 1
10.4778 Head -0.6220829 1.6 7.464095 1.125026 7.125341 0 0.00979857 0.06213728 -0.0006100648 0.9980193
10.4778 FirstCar -6.977552 0.025 2.97 0 90 0 0 0.7071068 0 0.7071068 0 1
10.4793 Head -0.6220829 1.6 7.465614 1.125026 7.125341 0 0.00979857 0.06213728 -0.0006100648 0.9980193
10.4793 FirstCar -6.977552 0.025 2.97 0 90 0 0 0.7071068 0 0.7071068 0 1
10.4805 Head -0.6220829 1.6 7.467569 1.125026 7.125341 0 0.00979857 0.06213728 -0.0006100648 0.9980193
10.4805 FirstCar -6.977552 0.025 2.97 0 90 0 0 0.7071068 0 0.7071068 0 1
10.4817 Head -0.6220829 1.6 7.469244 1.125026 7.125341 0 0.00979857 0.06213728 -0.0006100648 0.9980193
10.4817 FirstCar -6.977552 0.025 2.97 0 90 0 0 0.7071068 0 0.7071068 0 1
10.4829 Head -0.6220829 1.6 7.470826 1.125026 7.125341 0 0.00979857 0.06213728 -0.0006100648 0.9980193
10.4829 FirstCar -6.977552 0.025 2.97 0 90 0 0 0.7071068 0 0.7071068 0 1
10.4842 Head -0.6220829 1.6 7.472305 1.125026 7.125341 0 0.00979857 0.06213728 -0.0006100648 0.9980193
10.4842 FirstCar -6.977552 0.025 2.97 0 90 0 0 0.7071068 0 0.7071068 0 1
10.4853 Head -0.6220829 1.6 7.474074 1.125026 7.125341 0 0.00979857 0.06213728 -0.0006100648 0.9980193
10.4853 FirstCar -6.977552 0.025 2.97 0 90 0 0 0.7071068 0 0.7071068 0 1
10.4864 Head -0.6220829 1.6 7.475512 1.125026 7.125341 0 0.00979857 0.06213728 -0.0006100648 0.9980193
10.4864 FirstCar -6.977552 0.025 2.97 0 90 0 0 0.7071068 0 0.7071068 0 1
10.4877 Head -0.6220829 1.6 7.476949 1.125026 7.125341 0 0.00979857 0.06213728 -0.0006100648 0.9980193
10.4877 FirstCar -6.977552 0.025 2.97 0 90 0 0 0.7071068 0 0.7071068 0 1
10.4891 Head -0.6220829 1.6 7.478691 1.125026 7.125341 0 0.00979857 0.06213728 -0.0006100648 0.9980193
10.4891 FirstCar -6.977552 0.025 2.97 0 90 0 0 0.7071068 0 0.7071068 0 1
10.4904 Head -0.6220829 1.6 7.480404 1.125026 7.125341 0 0.00979857 0.06213728 -0.0006100648 0.9980193
10.4904 FirstCar -6.977552 0.025 2.97 0 90 0 0 0.7071068 0 0.7071068 0 1
10.4917 Head -0.6220829 1.6 7.482148 1.125026 7.125341 0 0.00979857 0.06213728 -0.0006100648 0.9980193
10.4917 FirstCar -6.977552 0.025 2.97 0 90 0 0 0.7071068 0 0.7071068 0 1
10.4930 Head -0.6220829 1.6 7.483919 1.125026 7.125341 0 0.00979857 0.06213728 -0.0006100648 0.9980193
10.4930 FirstCar -6.977552 0.025 2.97 0 90 0 0 0.7071068 0 0.7071068 0 1
10.4949 Head -0.6220829 1.6 7.485523 1.125026 7.125341 0 0.00979857 0.06213728 -0.0006100648 0.9980193
10.4949 FirstCar -6.977552 0.025 2.97 0 90 0 0 0.7071068 0 0.7071068 0 1
10.4962 Head -0.6220829 1.6 7.488085 1.125026 7.125341 0 0.00979857 0.06213728 -0.0006100648 0.9980193
10.4962 FirstCar -6.977552 0.025 2.97 0 90 0 0 0.7071068 0 0.7071068 0 1
10.4973 Head -0.6220829 1.6 7.489723 1.125026 7.125341 0 0.00979857 0.06213728 -0.0006100648 0.9980193
10.4973 FirstCar -6.977552 0.025 2.97 0 90 0 0 0.7071068 0 0.7071068 0 1
10.4985 Head -0.6220829 1.6 7.491256 1.125026 7.125341 0 0.00979857 0.06213728 -0.0006100648 0.9980193
10.4985 FirstCar -6.977552 0.025 2.97 0 90 0 0 0.7071068 0 0.7071068 0 1
10.4995 Head -0.6220829 1.6 7.492712 1.125026 7.125341 0 0.00979857 0.06213728 -0.0006100648 0.9980193
10.4995 FirstCar -6.977552 0.025 2.97 0 90 0 0 0.7071068 0 0.7071068 0 1
10.5007 Head -0.6220829 1.6 7.494145 1.125026 7.125341 0 0.00979857 0.06213728 -0.0006100648 0.9980193
10.5007 FirstCar -6.977552 0.025 2.97 0 90 0 0 0.7071068 0 0.7071068 0 1
10.5018 Head -0.6220829 1.6 7.495608 1.125026 7.125341 0 0.00979857 0.06213728 -0.0006100648 0.9980193
10.5018 FirstCar -6.977552 0.025 2.97 0 90 0 0 0.7071068 0 0.7071068 0 1
10.5030 Head -0.6220829 1.6 7.497154 1.125026 7.125341 0 0.00979857 0.06213728 -0.0006100648 0.9980193
10.5030 FirstCar -6.977552 0.025 2.97 0 90 0 0 0.7071068 0 0.7071068 0 1
10.5042 Head -0.6220829 1.6 7.498657 1.125026 7.125341 0 0.00979857 0.06213728 -0.0006100648 0.9980193
10.5042 FirstCar -6.977552 0.025 2.97 0 90 0 0 0.7071068 0 0.7071068 0 1
10.5053 Head -0.6220829 1.6 7.500244 1.125026 7.125341 0 0.00979857 0.06213728 -0.0006100648 0.9980193
10.5053 FirstCar -6.977552 0.025 2.97 0 90 0 0 0.7071068 0 0.7071068 0 1
10.5066 Head -0.6220829 1.6 7.501747 1.125026 7.125341 0 0.00979857 0.06213728 -0.0006100648 0.9980193
10.5066 FirstCar -6.977552 0.025 2.97 0 90 0 0 0.7071068 0 0.7071068 0 1
10.5079 Head -0.6220829 1.6 7.503439 1.125026 7.125341 0 0.00979857 0.06213728 -0.0006100648 0.9980193
10.5079 FirstCar -6.977552 0.025 2.97 0 90 0 0 0.7071068 0 0.7071068 0 1
10.5095 Head -0.6220829 1.6 7.505095 1.125026 7.125341 0 0.00979857 0.06213728 -0.0006100648 0.9980193
10.5095 FirstCar -6.977552 0.025 2.97 0 90 0 0 0.7071068 0 0.7071068 0 1
10.5109 Head -0.6220829 1.6 7.507225 1.125026 7.125341 0 0.00979857 0.06213728 -0.0006100648 0.9980193
10.5109 FirstCar -6.977552 0.025 2.97 0 90 0 0 0.7071068 0 0.7071068 0 1
10.5123 Head -0.6220829 1.6 7.508983 1.125026 7.125341 0 0.00979857 0.06213728 -0.0006100648 0.9980193
10.5123 FirstCar -6.977552 0.025 2.97 0 90 0 0 0.7071068 0 0.7071068 0 1
10.5137 Head -0.6220829 1.6 7.51089 1.125026 7.125341 0 0.00979857 0.06213728 -0.0006100648 0.9980193
10.5137 FirstCar -6.977552 0.025 2.97 0 90 0 0 0.7071068 0 0.7071068 0 1
10.5149 Head -0.6220829 1.6 7.512633 1.125026 7.125341 0 0.00979857 0.06213728 -0.0006100648 0.9980193
10.5149 FirstCar -6.977552 0.025 2.97 0 90 0 0 0.7071068 0 0.7071068 0 1
10.5162 Head -0.6220829 1.6 7.514295 1.125026 7.125341 0 0.00979857 0.06213728 -0.0006100648 0.9980193
10.5162 FirstCar -6.977552 0.025 2.97 0 90 0 0 0.7071068 0 0.7071068 0 1
10.5174 Head -0.6220829 1.6 7.515967 1.125026 7.125341 0 0.00979857 0.06213728 -0.0006100648 0.9980193
10.5174 FirstCar -6.977552 0.025 2.97 0 90 0 0 0.7071068 0 0.7071068 0 1
10.5187 Head -0.6220829 1.6 7.517542 1.125026 7.125341 0 0.00979857 0.06213728 -0.0006100648 0.9980193
10.5187 FirstCar -6.977552 0.025 2.97 0 90 0 0 0.7071068 0 0.7071068 0 1
10.5200 Head -0.6220829 1.6 7.519274 1.125026 7.125341 0 0.00979857 0.06213728 -0.0006100648 0.9980193
10.5200 FirstCar -6.977552 0.025 2.97 0 90 0 0 0.7071068 0 0.7071068 0 1
10.5213 Head -0.6220829 1.6 7.52099 1.125026 7.125341 0 0.00979857 0.06213728 -0.0006100648 0.9980193
10.5213 FirstCar -6.977552 0.025 2.97 0 90 0 0 0.7071068 0 0.7071068 0 1
10.5227 Head -0.6220829 1.6 7.522604 1.125026 7.125341 0 0.00979857 0.06213728 -0.0006100648 0.9980193
10.5227 FirstCar -6.977552 0.025 2.97 0 90 0 0 0.7071068 0 0.7071068 0 1
10.5240 Head -0.6220829 1.6 7.524481 1.125026 7.125341 0 0.00979857 0.06213728 -0.0006100648 0.9980193
10.5240 FirstCar -6.977552 0.025 2.97 0 90 0 0 0.7071068 0 0.7071068 0 1
10.5254 Head -0.6220829 1.6 7.526123 1.125026 7.125341 0 0.00979857 0.06213728 -0.0006100648 0.9980193
10.5254 FirstCar -6.977552 0.025 2.97 0 90 0 0 0.7071068 0 0.7071068 0 1
10.5266 Head -0.6220829 1.6 7.527999 1.125026 7.125341 0 0.00979857 0.06213728 -0.0006100648 0.9980193
10.5266 FirstCar -6.977552 0.025 2.97 0 90 0 0 0.7071068 0 0.7071068 0 1
10.5278 Head -0.6220829 1.6 7.529568 1.125026 7.125341 0 0.00979857 0.06213728 -0.0006100648 0.9980193
10.5278 FirstCar -6.977552 0.025 2.97 0 90 0 0 0.7071068 0 0.7071068 0 1
10.5293 Head -0.6220829 1.6 7.531198 1.125026 7.125341 0 0.00979857 0.06213728 -0.0006100648 0.9980193
10.5293 FirstCar -6.977552 0.025 2.97 0 90 0 0 0.7071068 0 0.7071068 0 1
10.5306 Head -0.6220829 1.6 7.533176 1.125026 7.125341 0 0.00979857 0.06213728 -0.0006100648 0.9980193
10.5306 FirstCar -6.977552 0.025 2.97 0 90 0 0 0.7071068 0 0.7071068 0 1
10.5318 Head -0.6220829 1.6 7.534796 1.125026 7.125341 0 0.00979857 0.06213728 -0.0006100648 0.9980193
10.5318 FirstCar -6.977552 0.025 2.97 0 90 0 0 0.7071068 0 0.7071068 0 1
10.5331 Head -0.6220829 1.6 7.536389 1.125026 7.125341 0 0.00979857 0.06213728 -0.0006100648 0.9980193
10.5331 FirstCar -6.977552 0.025 2.97 0 90 0 0 0.7071068 0 0.7071068 0 1
10.5345 Head -0.6220829 1.6 7.538147 1.125026 7.125341 0 0.00979857 0.06213728 -0.0006100648 0.9980193
10.5345 FirstCar -6.977552 0.025 2.97 0 90 0 0 0.7071068 0 0.7071068 0 1
10.5357 Head -0.6220829 1.6 7.539932 1.125026 7.125341 0 0.00979857 0.06213728 -0.0006100648 0.9980193
10.5357 FirstCar -6.977552 0.025 2.97 0 90 0 0 0.7071068 0 0.7071068 0 1
10.5369 Head -0.6220829 1.6 7.541551 1.125026 7.125341 0 0.00979857 0.06213728 -0.0006100648 0.9980193
10.5369 FirstCar -6.977552 0.025 2.97 0 90 0 0 0.7071068 0 0.7071068 0 1
10.5382 Head -0.6220829 1.6 7.543139 1.125026 7.125341 0 0.00979857 0.06213728 -0.0006100648 0.9980193
10.5382 FirstCar -6.977552 0.025 2.97 0 90 0 0 0.7071068 0 0.7071068 0 1
10.5396 Head -0.6220829 1.6 7.544788 1.125026 7.125341 0 0.00979857 0.06213728 -0.0006100648 0.9980193
10.5396 FirstCar -6.977552 0.025 2.97 0 90 0 0 0.7071068 0 0.7071068 0 1
10.5409 Head -0.6220829 1.6 7.54656 1.125026 7.125341 0 0.00979857 0.06213728 -0.0006100648 0.9980193
10.5409 FirstCar -6.977552 0.025 2.97 0 90 0 0 0.7071068 0 0.7071068 0 1
10.5422 Head -0.6220829 1.6 7.548286 1.125026 7.125341 0 0.00979857 0.06213728 -0.0006100648 0.9980193
10.5422 FirstCar -6.977552 0.025 2.97 0 90 0 0 0.7071068 0 0.7071068 0 1
10.5435 Head -0.6220829 1.6 7.550013 1.125026 7.125341 0 0.00979857 0.06213728 -0.0006100648 0.9980193
10.5435 FirstCar -6.977552 0.025 2.97 0 90 0 0 0.7071068 0 0.7071068 0 1
10.5446 Head -0.6220829 1.6 7.551692 1.125026 7.125341 0 0.00979857 0.06213728 -0.0006100648 0.9980193
10.5446 FirstCar -6.977552 0.025 2.97 0 90 0 0 0.7071068 0 0.7071068 0 1
10.5457 Head -0.6220829 1.6 7.553164 1.125026 7.125341 0 0.00979857 0.06213728 -0.0006100648 0.9980193
10.5457 FirstCar -6.977552 0.025 2.97 0 90 0 0 0.7071068 0 0.7071068 0 1
10.5469 Head -0.6220829 1.6 7.554641 1.125026 7.125341 0 0.00979857 0.06213728 -0.0006100648 0.9980193
10.5469 FirstCar -6.977552 0.025 2.97 0 90 0 0 0.7071068 0 0.7071068 0 1
10.5483 Head -0.6220829 1.6 7.556157 1.125026 7.125341 0 0.00979857 0.06213728 -0.0006100648 0.9980193
10.5483 FirstCar -6.977552 0.025 2.97 0 90 0 0 0.7071068 0 0.7071068 0 1
10.5498 Head -0.6220829 1.6 7.558056 1.125026 7.125341 0 0.00979857 0.06213728 -0.0006100648 0.9980193
10.5498 FirstCar -6.977552 0.025 2.97 0 90 0 0 0.7071068 0 0.7071068 0 1
10.5510 Head -0.6220829 1.6 7.559953 1.125026 7.125341 0 0.00979857 0.06213728 -0.0006100648 0.9980193
10.5510 FirstCar -6.977552 0.025 2.97 0 90 0 0 0.7071068 0 0.7071068 0 1
10.5528 Head -0.6220829 1.6 7.561553 1.125026 7.125341 0 0.00979857 0.06213728 -0.0006100648 0.9980193
10.5528 FirstCar -6.977552 0.025 2.97 0 90 0 0 0.7071068 0 0.7071068 0 1
10.5540 Head -0.6220829 1.6 7.563929 1.125026 7.125341 0 0.00979857 0.06213728 -0.0006100648 0.9980193
10.5540 FirstCar -6.977552 0.025 2.97 0 90 0 0 0.7071068 0 0.7071068 0 1
10.5552 Head -0.6220829 1.6 7.56554 1.125026 7.125341 0 0.00979857 0.06213728 -0.0006100648 0.9980193
10.5552 FirstCar -6.977552 0.025 2.97 0 90 0 0 0.7071068 0 0.7071068 0 1
10.5563 Head -0.6220829 1.6 7.567007 1.125026 7.125341 0 0.00979857 0.06213728 -0.0006100648 0.9980193
10.5563 FirstCar -6.977552 0.025 2.97 0 90 0 0 0.7071068 0 0.7071068 0 1
10.5575 Head -0.6220829 1.6 7.568469 1.125026 7.125341 0 0.00979857 0.06213728 -0.0006100648 0.9980193
10.5575 FirstCar -6.977552 0.025 2.97 0 90 0 0 0.7071068 0 0.7071068 0 1
10.5592 Head -0.6220829 1.6 7.570015 1.125026 7.125341 0 0.00979857 0.06213728 -0.0006100648 0.9980193
10.5592 FirstCar -6.977552 0.025 2.97 0 90 0 0 0.7071068 0 0.7071068 0 1
10.5606 Head -0.6220829 1.6 7.572315 1.125026 7.125341 0 0.00979857 0.06213728 -0.0006100648 0.9980193
10.5606 FirstCar -6.977552 0.025 2.97 0 90 0 0 0.7071068 0 0.7071068 0 1
10.5620 Head -0.6220829 1.6 7.574173 1.125026 7.125341 0 0.00979857 0.06213728 -0.0006100648 0.9980193
10.5620 FirstCar -6.977552 0.025 2.97 0 90 0 0 0.7071068 0 0.7071068 0 1
10.5632 Head -0.6220829 1.6 7.575928 1.125026 7.125341 0 0.00979857 0.06213728 -0.0006100648 0.9980193
10.5632 FirstCar -6.977552 0.025 2.97 0 90 0 0 0.7071068 0 0.7071068 0 1
10.5646 Head -0.6220829 1.6 7.577578 1.125026 7.125341 0 0.00979857 0.06213728 -0.0006100648 0.9980193
10.5646 FirstCar -6.977552 0.025 2.97 0 90 0 0 0.7071068 0 0.7071068 0 1
10.5661 Head -0.6220829 1.6 7.579402 1.125026 7.125341 0 0.00979857 0.06213728 -0.0006100648 0.9980193
10.5661 FirstCar -6.977552 0.025 2.97 0 90 0 0 0.7071068 0 0.7071068 0 1
10.5673 Head -0.6220829 1.6 7.581277 1.125026 7.125341 0 0.00979857 0.06213728 -0.0006100648 0.9980193
10.5673 FirstCar -6.977552 0.025 2.97 0 90 0 0 0.7071068 0 0.7071068 0 1
10.5686 Head -0.6220829 1.6 7.582896 1.125026 7.125341 0 0.00979857 0.06213728 -0.0006100648 0.9980193
10.5686 FirstCar -6.977552 0.025 2.97 0 90 0 0 0.7071068 0 0.7071068 0 1
10.5701 Head -0.6220829 1.6 7.584577 1.125026 7.125341 0 0.00979857 0.06213728 -0.0006100648 0.9980193
10.5701 FirstCar -6.977552 0.025 2.97 0 90 0 0 0.7071068 0 0.7071068 0 1
10.5714 Head -0.6220829 1.6 7.58653 1.125026 7.125341 0 0.00979857 0.06213728 -0.0006100648 0.9980193
10.5714 FirstCar -6.977552 0.025 2.97 0 90 0 0 0.7071068 0 0.7071068 0 1
10.5727 Head -0.6220829 1.6 7.58824 1.125026 7.125341 0 0.00979857 0.06213728 -0.0006100648 0.9980193
10.5727 FirstCar -6.977552 0.025 2.97 0 90 0 0 0.7071068 0 0.7071068 0 1
10.5739 Head -0.6220829 1.6 7.590022 1.125026 7.125341 0 0.00979857 0.06213728 -0.0006100648 0.9980193
10.5739 FirstCar -6.977552 0.025 2.97 0 90 0 0 0.7071068 0 0.7071068 0 1
10.5751 Head -0.6220829 1.6 7.591549 1.125026 7.125341 0 0.00979857 0.06213728 -0.0006100648 0.9980193
10.5751 FirstCar -6.977552 0.025 2.97 0 90 0 0 0.7071068 0 0.7071068 0 1
10.5764 Head -0.6220829 1.6 7.593082 1.125026 7.125341 0 0.00979857 0.06213728 -0.0006100648 0.9980193
10.5764 FirstCar -6.977552 0.025 2.97 0 90 0 0 0.7071068 0 0.7071068 0 1
10.5777 Head -0.6220829 1.6 7.594766 1.125026 7.125341 0 0.00979857 0.06213728 -0.0006100648 0.9980193
10.5777 FirstCar -6.977552 0.025 2.97 0 90 0 0 0.7071068 0 0.7071068 0 1
10.5790 Head -0.6220829 1.6 7.596471 1.125026 7.125341 0 0.00979857 0.06213728 -0.0006100648 0.9980193
10.5790 FirstCar -6.977552 0.025 2.97 0 90 0 0 0.7071068 0 0.7071068 0 1
10.5802 Head -0.6220829 1.6 7.598211 1.125026 7.125341 0 0.00979857 0.06213728 -0.0006100648 0.9980193
10.5802 FirstCar -6.977552 0.025 2.97 0 90 0 0 0.7071068 0 0.7071068 0 1
10.5816 Head -0.6220829 1.6 7.599745 1.125026 7.125341 0 0.00979857 0.06213728 -0.0006100648 0.9980193
10.5816 FirstCar -6.977552 0.025 2.97 0 90 0 0 0.7071068 0 0.7071068 0 1
10.5828 Head -0.6220829 1.6 7.601614 1.125026 7.125341 0 0.00979857 0.06213728 -0.0006100648 0.9980193
10.5828 FirstCar -6.977552 0.025 2.97 0 90 0 0 0.7071068 0 0.7071068 0 1
10.5841 Head -0.6220829 1.6 7.603244 1.125026 7.125341 0 0.00979857 0.06213728 -0.0006100648 0.9980193
10.5841 FirstCar -6.977552 0.025 2.97 0 90 0 0 0.7071068 0 0.7071068 0 1
10.5854 Head -0.6220829 1.6 7.604975 1.125026 7.125341 0 0.00979857 0.06213728 -0.0006100648 0.9980193
10.5854 FirstCar -6.977552 0.025 2.97 0 90 0 0 0.7071068 0 0.7071068 0 1
10.5867 Head -0.6220829 1.6 7.606653 1.125026 7.125341 0 0.00979857 0.06213728 -0.0006100648 0.9980193
10.5867 FirstCar -6.977552 0.025 2.97 0 90 0 0 0.7071068 0 0.7071068 0 1
10.5880 Head -0.6220829 1.6 7.608296 1.125026 7.125341 0 0.00979857 0.06213728 -0.0006100648 0.9980193
10.5880 FirstCar -6.977552 0.025 2.97 0 90 0 0 0.7071068 0 0.7071068 0 1
10.5893 Head -0.6220829 1.6 7.609999 1.125026 7.125341 0 0.00979857 0.06213728 -0.0006100648 0.9980193
10.5893 FirstCar -6.977552 0.025 2.97 0 90 0 0 0.7071068 0 0.7071068 0 1
10.5969 Head -0.6220829 1.6 7.611742 1.125026 7.125341 0 0.00979857 0.06213728 -0.0006100648 0.9980193
10.5969 FirstCar -6.977552 0.025 2.97 0 90 0 0 0.7071068 0 0.7071068 0 1
10.6013 Head -0.6220829 1.6 7.621728 1.125026 7.125341 0 0.00979857 0.06213728 -0.0006100648 0.9980193
10.6013 FirstCar -6.977552 0.025 2.97 0 90 0 0 0.7071068 0 0.7071068 0 1
10.6058 Head -0.6220829 1.6 7.627464 1.125026 7.125341 0 0.00979857 0.06213728 -0.0006100648 0.9980193
10.6058 FirstCar -6.977552 0.025 2.97 0 90 0 0 0.7071068 0 0.7071068 0 1
10.6103 Head -0.6220829 1.6 7.633395 1.125026 7.125341 0 0.00979857 0.06213728 -0.0006100648 0.9980193
10.6103 FirstCar -6.977552 0.025 2.97 0 90 0 0 0.7071068 0 0.7071068 0 1
10.6150 Head -0.6220829 1.6 7.63923 1.125026 7.125341 0 0.00979857 0.06213728 -0.0006100648 0.9980193
10.6150 FirstCar -6.977552 0.025 2.97 0 90 0 0 0.7071068 0 0.7071068 0 1
10.6196 Head -0.6220829 1.6 7.645409 1.125026 7.125341 0 0.00979857 0.06213728 -0.0006100648 0.9980193
10.6196 FirstCar -6.977552 0.025 2.97 0 90 0 0 0.7071068 0 0.7071068 0 1
10.6295 Head -0.6220829 1.6 7.651432 1.125026 7.125341 0 0.00979857 0.06213728 -0.0006100648 0.9980193
10.6295 FirstCar -6.977552 0.025 2.97 0 90 0 0 0.7071068 0 0.7071068 0 1
10.6318 Head -0.6220829 1.6 7.664447 1.125026 7.125341 0 0.00979857 0.06213728 -0.0006100648 0.9980193
10.6318 FirstCar -6.977552 0.025 2.97 0 90 0 0 0.7071068 0 0.7071068 0 1
10.6334 Head -0.6220829 1.6 7.667436 1.125026 7.125341 0 0.00979857 0.06213728 -0.0006100648 0.9980193
10.6334 FirstCar -6.977552 0.025 2.97 0 90 0 0 0.7071068 0 0.7071068 0 1
10.6348 Head -0.6220829 1.6 7.669448 1.125026 7.125341 0 0.00979857 0.06213728 -0.0006100648 0.9980193
10.6348 FirstCar -6.977552 0.025 2.97 0 90 0 0 0.7071068 0 0.7071068 0 1
10.6361 Head -0.6220829 1.6 7.671305 1.125026 7.125341 0 0.00979857 0.06213728 -0.0006100648 0.9980193
10.6361 FirstCar -6.977552 0.025 2.97 0 90 0 0 0.7071068 0 0.7071068 0 1
10.6375 Head -0.6220829 1.6 7.673031 1.125026 7.125341 0 0.00979857 0.06213728 -0.0006100648 0.9980193
10.6375 FirstCar -6.977552 0.025 2.97 0 90 0 0 0.7071068 0 0.7071068 0 1
10.6390 Head -0.6220829 1.6 7.674811 1.125026 7.125341 0 0.00979857 0.06213728 -0.0006100648 0.9980193
10.6390 FirstCar -6.977552 0.025 2.97 0 90 0 0 0.7071068 0 0.7071068 0 1
10.6404 Head -0.6220829 1.6 7.676847 1.125026 7.125341 0 0.00979857 0.06213728 -0.0006100648 0.9980193
10.6404 FirstCar -6.977552 0.025 2.97 0 90 0 0 0.7071068 0 0.7071068 0 1
10.6421 Head -0.6220829 1.6 7.678652 1.125026 7.125341 0 0.00979857 0.06213728 -0.0006100648 0.9980193
10.6421 FirstCar -6.977552 0.025 2.97 0 90 0 0 0.7071068 0 0.7071068 0 1
10.6435 Head -0.6220829 1.6 7.680847 1.125026 7.125341 0 0.00979857 0.06213728 -0.0006100648 0.9980193
10.6435 FirstCar -6.977552 0.025 2.97 0 90 0 0 0.7071068 0 0.7071068 0 1
10.6448 Head -0.6220829 1.6 7.682702 1.125026 7.125341 0 0.00979857 0.06213728 -0.0006100648 0.9980193
10.6448 FirstCar -6.977552 0.025 2.97 0 90 0 0 0.7071068 0 0.7071068 0 1
10.6460 Head -0.6220829 1.6 7.684451 1.125026 7.125341 0 0.00979857 0.06213728 -0.0006100648 0.9980193
10.6460 FirstCar -6.977552 0.025 2.97 0 90 0 0 0.7071068 0 0.7071068 0 1
10.6472 Head -0.6220829 1.6 7.685989 1.125026 7.125341 0 0.00979857 0.06213728 -0.0006100648 0.9980193
10.6472 FirstCar -6.977552 0.025 2.97 0 90 0 0 0.7071068 0 0.7071068 0 1
10.6483 Head -0.6220829 1.6 7.687599 1.125026 7.125341 0 0.00979857 0.06213728 -0.0006100648 0.9980193
10.6483 FirstCar -6.977552 0.025 2.97 0 90 0 0 0.7071068 0 0.7071068 0 1
10.6500 Head -0.6220829 1.6 7.68906 1.125026 7.125341 0 0.00979857 0.06213728 -0.0006100648 0.9980193
10.6500 FirstCar -6.977552 0.025 2.97 0 90 0 0 0.7071068 0 0.7071068 0 1
10.6511 Head -0.6220829 1.6 7.691182 1.125026 7.125341 0 0.00979857 0.06213728 -0.0006100648 0.9980193
10.6511 FirstCar -6.977552 0.025 2.97 0 90 0 0 0.7071068 0 0.7071068 0 1
10.6522 Head -0.6220829 1.6 7.692734 1.125026 7.125341 0 0.00979857 0.06213728 -0.0006100648 0.9980193
10.6522 FirstCar -6.977552 0.025 2.97 0 90 0 0 0.7071068 0 0.7071068 0 1
10.6533 Head -0.6220829 1.6 7.694159 1.125026 7.125341 0 0.00979857 0.06213728 -0.0006100648 0.9980193
10.6533 FirstCar -6.977552 0.025 2.97 0 90 0 0 0.7071068 0 0.7071068 0 1
10.6546 Head -0.6220829 1.6 7.695589 1.125026 7.125341 0 0.00979857 0.06213728 -0.0006100648 0.9980193
10.6546 FirstCar -6.977552 0.025 2.97 0 90 0 0 0.7071068 0 0.7071068 0 1
10.6557 Head -0.6220829 1.6 7.697223 1.125026 7.125341 0 0.00979857 0.06213728 -0.0006100648 0.9980193
10.6557 FirstCar -6.977552 0.025 2.97 0 90 0 0 0.7071068 0 0.7071068 0 1
10.6568 Head -0.6220829 1.6 7.698669 1.125026 7.125341 0 0.00979857 0.06213728 -0.0006100648 0.9980193
10.6568 FirstCar -6.977552 0.025 2.97 0 90 0 0 0.7071068 0 0.7071068 0 1
10.6579 Other FirstCar destroyed
