13.2127 Head 0 1.6 6.683713 7.500031 349.3501 0 0.06512114 -0.09260549 0.006069709 0.9935526
13.2141 Head 0 1.6 6.685781 7.500031 349.3501 0 0.06512114 -0.09260549 0.006069709 0.9935526
13.2155 Head 0 1.6 6.687576 7.500031 349.3501 0 0.06512114 -0.09260549 0.006069709 0.9935526
13.2166 Head 0 1.6 6.689377 7.500031 349.3501 0 0.06512114 -0.09260549 0.006069709 0.9935526
13.2179 Head 0 1.6 6.690885 7.500031 349.3501 0 0.06512114 -0.09260549 0.006069709 0.9935526
13.2191 Head 0 1.6 6.692573 7.500031 349.3501 0 0.06512114 -0.09260549 0.006069709 0.9935526
13.2204 Head 0 1.6 6.69418 7.500031 349.3501 0 0.06512114 -0.09260549 0.006069709 0.9935526
13.2217 Head 0 1.6 6.695875 7.500031 349.3501 0 0.06512114 -0.09260549 0.006069709 0.9935526
13.2228 Head 0 1.6 6.69755 7.500031 349.3501 0 0.06512114 -0.09260549 0.006069709 0.9935526
13.2240 Head 0 1.6 6.699043 7.500031 349.3501 0 0.06512114 -0.09260549 0.006069709 0.9935526
13.2253 Head 0 1.6 6.700499 7.500031 349.3501 0 0.06512114 -0.09260549 0.006069709 0.9935526
13.2265 Head 0 1.6 6.702248 7.500031 349.3501 0 0.06512114 -0.09260549 0.006069709 0.9935526
13.2276 Head 0 1.6 6.703834 7.500031 349.3501 0 0.06512114 -0.09260549 0.006069709 0.9935526
13.2288 Head 0 1.6 6.705315 7.500031 349.3501 0 0.06512114 -0.09260549 0.006069709 0.9935526
13.2303 Head 0 1.6 6.706841 7.500031 349.3501 0 0.06512114 -0.09260549 0.006069709 0.9935526
13.2316 Head 0 1.6 6.708744 7.500031 349.3501 0 0.06512114 -0.09260549 0.006069709 0.9935526
13.2334 Head 0 1.6 6.710551 7.500031 349.3501 0 0.06512114 -0.09260549 0.006069709 0.9935526
13.2349 Head 0 1.6 6.712897 7.500031 349.3501 0 0.06512114 -0.09260549 0.006069709 0.9935526
13.2361 Head 0 1.6 6.71477 7.500031 349.3501 0 0.06512114 -0.09260549 0.006069709 0.9935526
13.2373 Head 0 1.6 6.716426 7.500031 349.3501 0 0.06512114 -0.09260549 0.006069709 0.9935526
13.2386 Head 0 1.6 6.717999 7.500031 349.3501 0 0.06512114 -0.09260549 0.006069709 0.9935526
13.2398 Head 0 1.6 6.719612 7.500031 349.3501 0 0.06512114 -0.09260549 0.006069709 0.9935526
13.2410 Head 0 1.6 6.721273 7.500031 349.3501 0 0.06512114 -0.09260549 0.006069709 0.9935526
13.2422 Head 0 1.6 6.722855 7.500031 349.3501 0 0.06512114 -0.09260549 0.006069709 0.9935526
13.2434 Head 0 1.6 6.724446 7.500031 349.3501 0 0.06512114 -0.09260549 0.006069709 0.9935526
13.2445 Head 0 1.6 6.725982 7.500031 349.3501 0 0.06512114 -0.09260549 0.006069709 0.9935526
13.2460 Head 0 1.6 6.727465 7.500031 349.3501 0 0.06512114 -0.09260549 0.006069709 0.9935526
13.2472 Head 0 1.6 6.729372 7.500031 349.3501 0 0.06512114 -0.09260549 0.006069709 0.9935526
13.2489 Head 0 1.6 6.730971 7.500031 349.3501 0 0.06512114 -0.09260549 0.006069709 0.9935526
13.2501 Head 0 1.6 6.733123 7.500031 349.3501 0 0.06512114 -0.09260549 0.006069709 0.9935526
13.2514 Head 0 1.6 6.734799 7.500031 349.3501 0 0.06512114 -0.09260549 0.006069709 0.9935526
13.2527 Head 0 1.6 6.736415 7.500031 349.3501 0 0.06512114 -0.09260549 0.006069709 0.9935526
13.2541 Head 0 1.6 6.738134 7.500031 349.3501 0 0.06512114 -0.09260549 0.006069709 0.9935526
13.2554 Head 0 1.6 6.739956 7.500031 349.3501 0 0.06512114 -0.09260549 0.006069709 0.9935526
13.2566 Head 0 1.6 6.741632 7.500031 349.3501 0 0.06512114 -0.09260549 0.006069709 0.9935526
13.2578 Head 0 1.6 6.743209 7.500031 349.3501 0 0.06512114 -0.09260549 0.006069709 0.9935526
13.2592 Head 0 1.6 6.744858 7.500031 349.3501 0 0.06512114 -0.09260549 0.006069709 0.9935526
13.2604 Head 0 1.6 6.746609 7.500031 349.3501 0 0.06512114 -0.09260549 0.006069709 0.9935526
13.2617 Head 0 1.6 6.74823 7.500031 349.3501 0 0.06512114 -0.09260549 0.006069709 0.9935526
13.2629 Head 0 1.6 6.749984 7.500031 349.3501 0 0.06512114 -0.09260549 0.006069709 0.9935526
13.2644 Head 0 1.6 6.751566 7.500031 349.3501 0 0.06512114 -0.09260549 0.006069709 0.9935526
13.2659 Head 0 1.6 6.753449 7.500031 349.3501 0 0.06512114 -0.09260549 0.006069709 0.9935526
13.2672 Head 0 1.6 6.755408 7.500031 349.3501 0 0.06512114 -0.09260549 0.006069709 0.9935526
13.2685 Head 0 1.6 6.757158 7.500031 349.3501 0 0.06512114 -0.09260549 0.006069709 0.9935526
13.2698 Head 0 1.6 6.758854 7.500031 349.3501 0 0.06512114 -0.09260549 0.006069709 0.9935526
13.2710 Head 0 1.6 6.760549 7.500031 349.3501 0 0.06512114 -0.09260549 0.006069709 0.9935526
13.2723 Head 0 1.6 6.762082 7.500031 349.3501 0 0.06512114 -0.09260549 0.006069709 0.9935526
13.2734 Head 0 1.6 6.763786 7.500031 349.3501 0 0.06512114 -0.09260549 0.006069709 0.9935526
13.2746 Head 0 1.6 6.765299 7.500031 349.3501 0 0.06512114 -0.09260549 0.006069709 0.9935526
13.2760 Head 0 1.6 6.766811 7.500031 349.3501 0 0.06512114 -0.09260549 0.006069709 0.9935526
13.2773 Head 0 1.6 6.768607 7.500031 349.3501 0 0.06512114 -0.09260549 0.006069709 0.9935526
13.2792 Head 0 1.6 6.770343 7.500031 349.3501 0 0.06512114 -0.09260549 0.006069709 0.9935526
13.2811 Head 0 1.6 6.772867 7.500031 349.3501 0 0.06512114 -0.09260549 0.006069709 0.9935526
13.2823 Head 0 1.6 6.775351 7.500031 349.3501 0 0.06512114 -0.09260549 0.006069709 0.9935526
13.2836 Head 0 1.6 6.77698 7.500031 349.3501 0 0.06512114 -0.09260549 0.006069709 0.9935526
13.2848 Head 0 1.6 6.778623 7.500031 349.3501 0 0.06512114 -0.09260549 0.006069709 0.9935526
13.2863 Head 0 1.6 6.780239 7.500031 349.3501 0 0.06512114 -0.09260549 0.006069709 0.9935526
13.2875 Head 0 1.6 6.782106 7.500031 349.3501 0 0.06512114 -0.09260549 0.006069709 0.9935526
13.2886 Head 0 1.6 6.78374 7.500031 349.3501 0 0.06512114 -0.09260549 0.006069709 0.9935526
13.2899 Head 0 1.6 6.785229 7.500031 349.3501 0 0.06512114 -0.09260549 0.006069709 0.9935526
13.2911 Head 0 1.6 6.786929 7.500031 349.3501 0 0.06512114 -0.09260549 0.006069709 0.9935526
13.2923 Head 0 1.6 6.788407 7.500031 349.3501 0 0.06512114 -0.09260549 0.006069709 0.9935526
13.2935 Head 0 1.6 6.789996 7.500031 349.3501 0 0.06512114 -0.09260549 0.006069709 0.9935526
13.2946 Head 0 1.6 6.791605 7.500031 349.3501 0 0.06512114 -0.09260549 0.006069709 0.9935526
13.2959 Head 0 1.6 6.793096 7.500031 349.3501 0 0.06512114 -0.09260549 0.006069709 0.9935526
13.2971 Head 0 1.6 6.794759 7.500031 349.3501 0 0.06512114 -0.09260549 0.006069709 0.9935526
13.2982 Head 0 1.6 6.796277 7.500031 349.3501 0 0.06512114 -0.09260549 0.006069709 0.9935526
13.2994 Head 0 1.6 6.797809 7.500031 349.3501 0 0.06512114 -0.09260549 0.006069709 0.9935526
13.3007 Head 0 1.6 6.799309 7.500031 349.3501 0 0.06512114 -0.09260549 0.006069709 0.9935526
13.3019 Head 0 1.6 6.800976 7.500031 349.3501 0 0.06512114 -0.09260549 0.006069709 0.9935526
13.3034 Head 0 1.6 6.802567 7.500031 349.3501 0 0.06512114 -0.09260549 0.006069709 0.9935526
13.3047 Head 0 1.6 6.804537 7.500031 349.3501 0 0.06512114 -0.09260549 0.006069709 0.9935526
13.3061 Head 0 1.6 6.80631 7.500031 349.3501 0 0.06512114 -0.09260549 0.006069709 0.9935526
13.3074 Head 0 1.6 6.808147 7.500031 349.3501 0 0.06512114 -0.09260549 0.006069709 0.9935526
13.3087 Head 0 1.6 6.809761 7.500031 349.3501 0 0.06512114 -0.09260549 0.006069709 0.9935526
13.3101 Head 0 1.6 6.811454 7.500031 349.3501 0 0.06512114 -0.09260549 0.006069709 0.9935526
13.3119 Head 0 1.6 6.813357 7.500031 349.3501 0 0.06512114 -0.09260549 0.006069709 0.9935526
13.3132 Head 0 1.6 6.815639 7.500031 349.3501 0 0.06512114 -0.09260549 0.006069709 0.9935526
13.3144 Head 0 1.6 6.817332 7.500031 349.3501 0 0.06512114 -0.09260549 0.006069709 0.9935526
13.3156 Head 0 1.6 6.818967 7.500031 349.3501 0 0.06512114 -0.09260549 0.006069709 0.9935526
13.3169 Head 0 1.6 6.820543 7.500031 349.3501 0 0.06512114 -0.09260549 0.006069709 0.9935526
13.3181 Head 0 1.6 6.822226 7.500031 349.3501 0 0.06512114 -0.09260549 0.006069709 0.9935526
13.3195 Head 0 1.6 6.823826 7.500031 349.3501 0 0.06512114 -0.09260549 0.006069709 0.9935526
13.3206 Head 0 1.6 6.825593 7.500031 349.3501 0 0.06512114 -0.09260549 0.006069709 0.9935526
13.3216 Head 0 1.6 6.827038 7.500031 349.3501 0 0.06512114 -0.09260549 0.006069709 0.9935526
13.3228 Head 0 1.6 6.828449 7.500031 349.3501 0 0.06512114 -0.09260549 0.006069709 0.9935526
13.3240 Head 0 1.6 6.829916 7.500031 349.3501 0 0.06512114 -0.09260549 0.006069709 0.9935526
13.3256 Head 0 1.6 6.831527 7.500031 349.3501 0 0.06512114 -0.09260549 0.006069709 0.9935526
13.3268 Head 0 1.6 6.833655 7.500031 349.3501 0 0.06512114 -0.09260549 0.006069709 0.9935526
13.3279 Head 0 1.6 6.835155 7.500031 349.3501 0 0.06512114 -0.09260549 0.006069709 0.9935526
13.3290 Head 0 1.6 6.836605 7.500031 349.3501 0 0.06512114 -0.09260549 0.006069709 0.9935526
13.3301 Head 0 1.6 6.838146 7.500031 349.3501 0 0.06512114 -0.09260549 0.006069709 0.9935526
13.3316 Head 0 1.6 6.839589 7.500031 349.3501 0 0.06512114 -0.09260549 0.006069709 0.9935526
13.3327 Head 0 1.6 6.841479 7.500031 349.3501 0 0.06512114 -0.09260549 0.006069709 0.9935526
13.3339 Head 0 1.6 6.842995 7.500031 349.3501 0 0.06512114 -0.09260549 0.006069709 0.9935526
13.3351 Head 0 1.6 6.844512 7.500031 349.3501 0 0.06512114 -0.09260549 0.006069709 0.9935526
13.3363 Head 0 1.6 6.846086 7.500031 349.3501 0 0.06512114 -0.09260549 0.006069709 0.9935526
13.3375 Head 0 1.6 6.847629 7.500031 349.3501 0 0.06512114 -0.09260549 0.006069709 0.9935526
13.3388 Head 0 1.6 6.849168 7.500031 349.3501 0 0.06512114 -0.09260549 0.006069709 0.9935526
13.3400 Head 0 1.6 6.850872 7.500031 349.3501 0 0.06512114 -0.09260549 0.006069709 0.9935526
13.3415 Head 0 1.6 6.852553 7.500031 349.3501 0 0.06512114 -0.09260549 0.006069709 0.9935526
13.3432 Head 0 1.6 6.854533 7.500031 349.3501 0 0.06512114 -0.09260549 0.006069709 0.9935526
13.3444 Head 0 1.6 6.856739 7.500031 349.3501 0 0.06512114 -0.09260549 0.006069709 0.9935526
13.3457 Head 0 1.6 6.858246 7.500031 349.3501 0 0.06512114 -0.09260549 0.006069709 0.9935526
13.3470 Head 0 1.6 6.860023 7.500031 349.3501 0 0.06512114 -0.09260549 0.006069709 0.9935526
13.3482 Head 0 1.6 6.861632 7.500031 349.3501 0 0.06512114 -0.09260549 0.006069709 0.9935526
13.3494 Head 0 1.6 6.863289 7.500031 349.3501 0 0.06512114 -0.09260549 0.006069709 0.9935526
13.3506 Head 0 1.6 6.864865 7.500031 349.3501 0 0.06512114 -0.09260549 0.006069709 0.9935526
13.3519 Head 0 1.6 6.866333 7.500031 349.3501 0 0.06512114 -0.09260549 0.006069709 0.9935526
13.3531 Head 0 1.6 6.868042 7.500031 349.3501 0 0.06512114 -0.09260549 0.006069709 0.9935526
13.3542 Head 0 1.6 6.869607 7.500031 349.3501 0 0.06512114 -0.09260549 0.006069709 0.9935526
13.3555 Head 0 1.6 6.871062 7.500031 349.3501 0 0.06512114 -0.09260549 0.006069709 0.9935526
13.3566 Head 0 1.6 6.872754 7.500031 349.3501 0 0.06512114 -0.09260549 0.006069709 0.9935526
13.3578 Head 0 1.6 6.874311 7.500031 349.3501 0 0.06512114 -0.09260549 0.006069709 0.9935526
13.3589 Head 0 1.6 6.875806 7.500031 349.3501 0 0.06512114 -0.09260549 0.006069709 0.9935526
13.3602 Head 0 1.6 6.877271 7.500031 349.3501 0 0.06512114 -0.09260549 0.006069709 0.9935526
13.3614 Head 0 1.6 6.878953 7.500031 349.3501 0 0.06512114 -0.09260549 0.006069709 0.9935526
13.3626 Head 0 1.6 6.880571 7.500031 349.3501 0 0.06512114 -0.09260549 0.006069709 0.9935526
13.3637 Head 0 1.6 6.882126 7.500031 349.3501 0 0.06512114 -0.09260549 0.006069709 0.9935526
13.3649 Head 0 1.6 6.883588 7.500031 349.3501 0 0.06512114 -0.09260549 0.006069709 0.9935526
13.3663 Head 0 1.6 6.885131 7.500031 349.3501 0 0.06512114 -0.09260549 0.006069709 0.9935526
13.3676 Head 0 1.6 6.886978 7.500031 349.3501 0 0.06512114 -0.09260549 0.006069709 0.9935526
13.3687 Head 0 1.6 6.888609 7.500031 349.3501 0 0.06512114 -0.09260549 0.006069709 0.9935526
13.3699 Head 0 1.6 6.890119 7.500031 349.3501 0 0.06512114 -0.09260549 0.006069709 0.9935526
13.3711 Head 0 1.6 6.891626 7.500031 349.3501 0 0.06512114 -0.09260549 0.006069709 0.9935526
13.3731 Head 0 1.6 6.893229 7.500031 349.3501 0 0.06512114 -0.09260549 0.006069709 0.9935526
13.3744 Head 0 1.6 6.895915 7.500031 349.3501 0 0.06512114 -0.09260549 0.006069709 0.9935526
13.3755 Head 0 1.6 6.89755 7.500031 349.3501 0 0.06512114 -0.09260549 0.006069709 0.9935526
13.3767 Head 0 1.6 6.899055 7.500031 349.3501 0 0.06512114 -0.09260549 0.006069709 0.9935526
13.3779 Head 0 1.6 6.900597 7.500031 349.3501 0 0.06512114 -0.09260549 0.006069709 0.9935526
13.3790 Head 0 1.6 6.902108 7.500031 349.3501 0 0.06512114 -0.09260549 0.006069709 0.9935526
13.3804 Head 0 1.6 6.903644 7.500031 349.3501 0 0.06512114 -0.09260549 0.006069709 0.9935526
13.3817 Head 0 1.6 6.905394 7.500031 349.3501 0 0.06512114 -0.09260549 0.006069709 0.9935526
13.3828 Head 0 1.6 6.90712 7.500031 349.3501 0 0.06512114 -0.09260549 0.006069709 0.9935526
13.3841 Head 0 1.6 6.908619 7.500031 349.3501 0 0.06512114 -0.09260549 0.006069709 0.9935526
13.3855 Head 0 1.6 6.910247 7.500031 349.3501 0 0.06512114 -0.09260549 0.006069709 0.9935526
13.3866 Head 0 1.6 6.912129 7.500031 349.3501 0 0.06512114 -0.09260549 0.006069709 0.9935526
13.3878 Head 0 1.6 6.91361 7.500031 349.3501 0 0.06512114 -0.09260549 0.006069709 0.9935526
13.3892 Head 0 1.6 6.915137 7.500031 349.3501 0 0.06512114 -0.09260549 0.006069709 0.9935526
13.3904 Head 0 1.6 6.916936 7.500031 349.3501 0 0.06512114 -0.09260549 0.006069709 0.9935526
13.3916 Head 0 1.6 6.918479 7.500031 349.3501 0 0.06512114 -0.09260549 0.006069709 0.9935526
13.3928 Head 0 1.6 6.920122 7.500031 349.3501 0 0.06512114 -0.09260549 0.006069709 0.9935526
13.3941 Head 0 1.6 6.921705 7.500031 349.3501 0 0.06512114 -0.09260549 0.006069709 0.9935526
13.3952 Head 0 1.6 6.92335 7.500031 349.3501 0 0.06512114 -0.09260549 0.006069709 0.9935526
13.3965 Head 0 1.6 6.924876 7.500031 349.3501 0 0.06512114 -0.09260549 0.006069709 0.9935526
13.3976 Head 0 1.6 6.926478 7.500031 349.3501 0 0.06512114 -0.09260549 0.006069709 0.9935526
13.3988 Head 0 1.6 6.928005 7.500031 349.3501 0 0.06512114 -0.09260549 0.006069709 0.9935526
13.4002 Head 0 1.6 6.929571 7.500031 349.3501 0 0.06512114 -0.09260549 0.006069709 0.9935526
13.4013 Head 0 1.6 6.931309 7.500031 349.3501 0 0.06512114 -0.09260549 0.006069709 0.9935526
13.4025 Head 0 1.6 6.932866 7.500031 349.3501 0 0.06512114 -0.09260549 0.006069709 0.9935526
13.4036 Head 0 1.6 6.934428 7.500031 349.3501 0 0.06512114 -0.09260549 0.006069709 0.9935526
13.4057 Head 0 1.6 6.935851 7.500031 349.3501 0 0.06512114 -0.09260549 0.006069709 0.9935526
13.4073 Head 0 1.6 6.938619 7.500031 349.3501 0 0.06512114 -0.09260549 0.006069709 0.9935526
13.4086 Head 0 1.6 6.940684 7.500031 349.3501 0 0.06512114 -0.09260549 0.006069709 0.9935526
13.4098 Head 0 1.6 6.94237 7.500031 349.3501 0 0.06512114 -0.09260549 0.006069709 0.9935526
13.4111 Head 0 1.6 6.943893 7.500031 349.3501 0 0.06512114 -0.09260549 0.006069709 0.9935526
13.4122 Head 0 1.6 6.945599 7.500031 349.3501 0 0.06512114 -0.09260549 0.006069709 0.9935526
13.4134 Head 0 1.6 6.947042 7.500031 349.3501 0 0.06512114 -0.09260549 0.006069709 0.9935526
13.4145 Head 0 1.6 6.948608 7.500031 349.3501 0 0.06512114 -0.09260549 0.006069709 0.9935526
13.4158 Head 0 1.6 6.950117 7.500031 349.3501 0 0.06512114 -0.09260549 0.006069709 0.9935526
13.4171 Head 0 1.6 6.951753 7.500031 349.3501 0 0.06512114 -0.09260549 0.006069709 0.9935526
13.4184 Head 0 1.6 6.953544 7.500031 349.3501 0 0.06512114 -0.09260549 0.006069709 0.9935526
13.4196 Head 0 1.6 6.955162 7.500031 349.3501 0 0.06512114 -0.09260549 0.006069709 0.9935526
13.4208 Head 0 1.6 6.956756 7.500031 349.3501 0 0.06512114 -0.09260549 0.006069709 0.9935526
13.4220 Head 0 1.6 6.958411 7.500031 349.3501 0 0.06512114 -0.09260549 0.006069709 0.9935526
13.4232 Head 0 1.6 6.95998 7.500031 349.3501 0 0.06512114 -0.09260549 0.006069709 0.9935526
13.4244 Head 0 1.6 6.961516 7.500031 349.3501 0 0.06512114 -0.09260549 0.006069709 0.9935526
13.4257 Head 0 1.6 6.963048 7.500031 349.3501 0 0.06512114 -0.09260549 0.006069709 0.9935526
13.4270 Head 0 1.6 6.964739 7.500031 349.3501 0 0.06512114 -0.09260549 0.006069709 0.9935526
13.4283 Head 0 1.6 6.966415 7.500031 349.3501 0 0.06512114 -0.09260549 0.006069709 0.9935526
13.4296 Head 0 1.6 6.968226 7.500031 349.3501 0 0.06512114 -0.09260549 0.006069709 0.9935526
13.4308 Head 0 1.6 6.969851 7.500031 349.3501 0 0.06512114 -0.09260549 0.006069709 0.9935526
13.4321 Head 0 1.6 6.971511 7.500031 349.3501 0 0.06512114 -0.09260549 0.006069709 0.9935526
13.4333 Head 0 1.6 6.973119 7.500031 349.3501 0 0.06512114 -0.09260549 0.006069709 0.9935526
13.4349 Head 0 1.6 6.974739 7.500031 349.3501 0 0.06512114 -0.09260549 0.006069709 0.9935526
13.4369 Head 0 1.6 6.976814 7.500031 349.3501 0 0.06512114 -0.09260549 0.006069709 0.9935526
13.4381 Head 0 1.6 6.979425 7.500031 349.3501 0 0.06512114 -0.09260549 0.006069709 0.9935526
13.4395 Head 0 1.6 6.981062 7.500031 349.3501 0 0.06512114 -0.09260549 0.006069709 0.9935526
13.4407 Head 0 1.6 6.982832 7.500031 349.3501 0 0.06512114 -0.09260549 0.006069709 0.9935526
13.4420 Head 0 1.6 6.984476 7.500031 349.3501 0 0.06512114 -0.09260549 0.006069709 0.9935526
13.4432 Head 0 1.6 6.986154 7.500031 349.3501 0 0.06512114 -0.09260549 0.006069709 0.9935526
13.4444 Head 0 1.6 6.987753 7.500031 349.3501 0 0.06512114 -0.09260549 0.006069709 0.9935526
13.4458 Head 0 1.6 6.989293 7.500031 349.3501 0 0.06512114 -0.09260549 0.006069709 0.9935526
13.4470 Head 0 1.6 6.991102 7.500031 349.3501 0 0.06512114 -0.09260549 0.006069709 0.9935526
13.4482 Head 0 1.6 6.992618 7.500031 349.3501 0 0.06512114 -0.09260549 0.006069709 0.9935526
13.4492 Head 0 1.6 6.994198 7.500031 349.3501 0 0.06512114 -0.09260549 0.006069709 0.9935526
13.4505 Head 0 1.6 6.995617 7.500031 349.3501 0 0.06512114 -0.09260549 0.006069709 0.9935526
13.4518 Head 0 1.6 6.997323 7.500031 349.3501 0 0.06512114 -0.09260549 0.006069709 0.9935526
13.4529 Head 0 1.6 6.998912 7.500031 349.3501 0 0.06512114 -0.09260549 0.006069709 0.9935526
13.4541 Head 0 1.6 7.000411 7.500031 349.3501 0 0.06512114 -0.09260549 0.006069709 0.9935526
13.4552 Head 0 1.6 7.001934 7.500031 349.3501 0 0.06512114 -0.09260549 0.006069709 0.9935526
13.4563 Head 0 1.6 7.003451 7.500031 349.3501 0 0.06512114 -0.09260549 0.006069709 0.9935526
13.4575 Head 0 1.6 7.004912 7.500031 349.3501 0 0.06512114 -0.09260549 0.006069709 0.9935526
13.4588 Head 0 1.6 7.006489 7.500031 349.3501 0 0.06512114 -0.09260549 0.006069709 0.9935526
13.4600 Head 0 1.6 7.008104 7.500031 349.3501 0 0.06512114 -0.09260549 0.006069709 0.9935526
13.4613 Head 0 1.6 7.009734 7.500031 349.3501 0 0.06512114 -0.09260549 0.006069709 0.9935526
13.4626 Head 0 1.6 7.011413 7.500031 349.3501 0 0.06512114 -0.09260549 0.006069709 0.9935526
13.4638 Head 0 1.6 7.013066 7.500031 349.3501 0 0.06512114 -0.09260549 0.006069709 0.9935526
13.4650 Head 0 1.6 7.014679 7.500031 349.3501 0 0.06512114 -0.09260549 0.006069709 0.9935526
13.4669 Head 0 1.6 7.016237 7.500031 349.3501 0 0.06512114 -0.09260549 0.006069709 0.9935526
13.4686 Head 0 1.6 7.01874 7.500031 349.3501 0 0.06512114 -0.09260549 0.006069709 0.9935526
13.4698 Head 0 1.6 7.020968 7.500031 349.3501 0 0.06512114 -0.09260549 0.006069709 0.9935526
13.4712 Head 0 1.6 7.022558 7.500031 349.3501 0 0.06512114 -0.09260549 0.006069709 0.9935526
13.4723 Head 0 1.6 7.024373 7.500031 349.3501 0 0.06512114 -0.09260549 0.006069709 0.9935526
13.4734 Head 0 1.6 7.025825 7.500031 349.3501 0 0.06512114 -0.09260549 0.006069709 0.9935526
13.4745 Head 0 1.6 7.027239 7.500031 349.3501 0 0.06512114 -0.09260549 0.006069709 0.9935526
13.4756 Head 0 1.6 7.028653 7.500031 349.3501 0 0.06512114 -0.09260549 0.006069709 0.9935526
13.4768 Head 0 1.6 7.030092 7.500031 349.3501 0 0.06512114 -0.09260549 0.006069709 0.9935526
13.4779 Head 0 1.6 7.031657 7.500031 349.3501 0 0.06512114 -0.09260549 0.006069709 0.9935526
13.4791 Head 0 1.6 7.033108 7.500031 349.3501 0 0.06512114 -0.09260549 0.006069709 0.9935526
13.4802 Head 0 1.6 7.034676 7.500031 349.3501 0 0.06512114 -0.09260549 0.006069709 0.9935526
13.4813 Head 0 1.6 7.036118 7.500031 349.3501 0 0.06512114 -0.09260549 0.006069709 0.9935526
13.4826 Head 0 1.6 7.037548 7.500031 349.3501 0 0.06512114 -0.09260549 0.006069709 0.9935526
13.4838 Head 0 1.6 7.039288 7.500031 349.3501 0 0.06512114 -0.09260549 0.006069709 0.9935526
13.4849 Head 0 1.6 7.040904 7.500031 349.3501 0 0.06512114 -0.09260549 0.006069709 0.9935526
13.4864 Head 0 1.6 7.042389 7.500031 349.3501 0 0.06512114 -0.09260549 0.006069709 0.9935526
13.4875 Head 0 1.6 7.044269 7.500031 349.3501 0 0.06512114 -0.09260549 0.006069709 0.9935526
13.4888 Head 0 1.6 7.045773 7.500031 349.3501 0 0.06512114 -0.09260549 0.006069709 0.9935526
13.4901 Head 0 1.6 7.047491 7.500031 349.3501 0 0.06512114 -0.09260549 0.006069709 0.9935526
13.4915 Head 0 1.6 7.049146 7.500031 349.3501 0 0.06512114 -0.09260549 0.006069709 0.9935526
13.4928 Head 0 1.6 7.051026 7.500031 349.3501 0 0.06512114 -0.09260549 0.006069709 0.9935526
13.4941 Head 0 1.6 7.052733 7.500031 349.3501 0 0.06512114 -0.09260549 0.006069709 0.9935526
13.4955 Head 0 1.6 7.054332 7.500031 349.3501 0 0.06512114 -0.09260549 0.006069709 0.9935526
13.4971 Head 0 1.6 7.056246 7.500031 349.3501 0 0.06512114 -0.09260549 0.006069709 0.9935526
13.4989 Head 0 1.6 7.058367 7.500031 349.3501 0 0.06512114 -0.09260549 0.006069709 0.9935526
13.5000 Head 0 1.6 7.06063 7.500031 349.3501 0 0.06512114 -0.09260549 0.006069709 0.9935526
13.5013 Head 0 1.6 7.062158 7.500031 349.3501 0 0.06512114 -0.09260549 0.006069709 0.9935526
13.5024 Head 0 1.6 7.063756 7.500031 349.3501 0 0.06512114 -0.09260549 0.006069709 0.9935526
13.5037 Head 0 1.6 7.06529 7.500031 349.3501 0 0.06512114 -0.09260549 0.006069709 0.9935526
13.5049 Head 0 1.6 7.066905 7.500031 349.3501 0 0.06512114 -0.09260549 0.006069709 0.9935526
13.5063 Head 0 1.6 7.068546 7.500031 349.3501 0 0.06512114 -0.09260549 0.006069709 0.9935526
13.5076 Head 0 1.6 7.070334 7.500031 349.3501 0 0.06512114 -0.09260549 0.006069709 0.9935526
13.5089 Head 0 1.6 7.072109 7.500031 349.3501 0 0.06512114 -0.09260549 0.006069709 0.9935526
13.5103 Head 0 1.6 7.073826 7.500031 349.3501 0 0.06512114 -0.09260549 0.006069709 0.9935526
13.5115 Head 0 1.6 7.075541 7.500031 349.3501 0 0.06512114 -0.09260549 0.006069709 0.9935526
13.5131 Head 0 1.6 7.077219 7.500031 349.3501 0 0.06512114 -0.09260549 0.006069709 0.9935526
13.5143 Head 0 1.6 7.079249 7.500031 349.3501 0 0.06512114 -0.09260549 0.006069709 0.9935526
13.5154 Head 0 1.6 7.080864 7.500031 349.3501 0 0.06512114 -0.09260549 0.006069709 0.9935526
13.5166 Head 0 1.6 7.082347 7.500031 349.3501 0 0.06512114 -0.09260549 0.006069709 0.9935526
13.5179 Head 0 1.6 7.083908 7.500031 349.3501 0 0.06512114 -0.09260549 0.006069709 0.9935526
13.5190 Head 0 1.6 7.085515 7.500031 349.3501 0 0.06512114 -0.09260549 0.006069709 0.9935526
13.5202 Head 0 1.6 7.087059 7.500031 349.3501 0 0.06512114 -0.09260549 0.006069709 0.9935526
13.5214 Head 0 1.6 7.088584 7.500031 349.3501 0 0.06512114 -0.09260549 0.006069709 0.9935526
13.5226 Head 0 1.6 7.090172 7.500031 349.3501 0 0.06512114 -0.09260549 0.006069709 0.9935526
13.5238 Head 0 1.6 7.091771 7.500031 349.3501 0 0.06512114 -0.09260549 0.006069709 0.9935526
13.5252 Head 0 1.6 7.093333 7.500031 349.3501 0 0.06512114 -0.09260549 0.006069709 0.9935526
13.5265 Head 0 1.6 7.095128 7.500031 349.3501 0 0.06512114 -0.09260549 0.006069709 0.9935526
13.5277 Head 0 1.6 7.09677 7.500031 349.3501 0 0.06512114 -0.09260549 0.006069709 0.9935526
13.5289 Head 0 1.6 7.09837 7.500031 349.3501 0 0.06512114 -0.09260549 0.006069709 0.9935526
13.5302 Head 0 1.6 7.099915 7.500031 349.3501 0 0.06512114 -0.09260549 0.006069709 0.9935526
13.5315 Head 0 1.6 7.101611 7.500031 349.3501 0 0.06512114 -0.09260549 0.006069709 0.9935526
13.5328 Head 0 1.6 7.103313 7.500031 349.3501 0 0.06512114 -0.09260549 0.006069709 0.9935526
13.5341 Head 0 1.6 7.10502 7.500031 349.3501 0 0.06512114 -0.09260549 0.006069709 0.9935526
13.5353 Head 0 1.6 7.10683 7.500031 349.3501 0 0.06512114 -0.09260549 0.006069709 0.9935526
13.5365 Head 0 1.6 7.108394 7.500031 349.3501 0 0.06512114 -0.09260549 0.006069709 0.9935526
13.5377 Head 0 1.6 7.109902 7.500031 349.3501 0 0.06512114 -0.09260549 0.006069709 0.9935526
13.5389 Head 0 1.6 7.111503 7.500031 349.3501 0 0.06512114 -0.09260549 0.006069709 0.9935526
13.5401 Head 0 1.6 7.113058 7.500031 349.3501 0 0.06512114 -0.09260549 0.006069709 0.9935526
13.5412 Head 0 1.6 7.114666 7.500031 349.3501 0 0.06512114 -0.09260549 0.006069709 0.9935526
13.5424 Head 0 1.6 7.116124 7.500031 349.3501 0 0.06512114 -0.09260549 0.006069709 0.9935526
13.5439 Head 0 1.6 7.117697 7.500031 349.3501 0 0.06512114 -0.09260549 0.006069709 0.9935526
13.5460 Head 0 1.6 7.119652 7.500031 349.3501 0 0.06512114 -0.09260549 0.006069709 0.9935526
13.5473 Head 0 1.6 7.122414 7.500031 349.3501 0 0.06512114 -0.09260549 0.006069709 0.9935526
13.5485 Head 0 1.6 7.12412 7.500031 349.3501 0 0.06512114 -0.09260549 0.006069709 0.9935526
13.5498 Head 0 1.6 7.125685 7.500031 349.3501 0 0.06512114 -0.09260549 0.006069709 0.9935526
13.5510 Head 0 1.6 7.127387 7.500031 349.3501 0 0.06512114 -0.09260549 0.006069709 0.9935526
13.5521 Head 0 1.6 7.128919 7.500031 349.3501 0 0.06512114 -0.09260549 0.006069709 0.9935526
13.5534 Head 0 1.6 7.130417 7.500031 349.3501 0 0.06512114 -0.09260549 0.006069709 0.9935526
13.5544 Head 0 1.6 7.132018 7.500031 349.3501 0 0.06512114 -0.09260549 0.006069709 0.9935526
13.5555 Head 0 1.6 7.133425 7.500031 349.3501 0 0.06512114 -0.09260549 0.006069709 0.9935526
13.5567 Head 0 1.6 7.134864 7.500031 349.3501 0 0.06512114 -0.09260549 0.006069709 0.9935526
13.5578 Head 0 1.6 7.136322 7.500031 349.3501 0 0.06512114 -0.09260549 0.006069709 0.9935526
13.5589 Head 0 1.6 7.137834 7.500031 349.3501 0 0.06512114 -0.09260549 0.006069709 0.9935526
13.5603 Head 0 1.6 7.139329 7.500031 349.3501 0 0.06512114 -0.09260549 0.006069709 0.9935526
13.5615 Head 0 1.6 7.141088 7.500031 349.3501 0 0.06512114 -0.09260549 0.006069709 0.9935526
13.5628 Head 0 1.6 7.142673 7.500031 349.3501 0 0.06512114 -0.09260549 0.006069709 0.9935526
13.5640 Head 0 1.6 7.144358 7.500031 349.3501 0 0.06512114 -0.09260549 0.006069709 0.9935526
13.5655 Head 0 1.6 7.145944 7.500031 349.3501 0 0.06512114 -0.09260549 0.006069709 0.9935526
13.5667 Head 0 1.6 7.14789 7.500031 349.3501 0 0.06512114 -0.09260549 0.006069709 0.9935526
13.5679 Head 0 1.6 7.149509 7.500031 349.3501 0 0.06512114 -0.09260549 0.006069709 0.9935526
13.5692 Head 0 1.6 7.15109 7.500031 349.3501 0 0.06512114 -0.09260549 0.006069709 0.9935526
13.5704 Head 0 1.6 7.152747 7.500031 349.3501 0 0.06512114 -0.09260549 0.006069709 0.9935526
13.5716 Head 0 1.6 7.154395 7.500031 349.3501 0 0.06512114 -0.09260549 0.006069709 0.9935526
13.5728 Head 0 1.6 7.155956 7.500031 349.3501 0 0.06512114 -0.09260549 0.006069709 0.9935526
13.5741 Head 0 1.6 7.157473 7.500031 349.3501 0 0.06512114 -0.09260549 0.006069709 0.9935526
13.5756 Head 0 1.6 7.159142 7.500031 349.3501 0 0.06512114 -0.09260549 0.006069709 0.9935526
13.5768 Head 0 1.6 7.161182 7.500031 349.3501 0 0.06512114 -0.09260549 0.006069709 0.9935526
13.5780 Head 0 1.6 7.162737 7.500031 349.3501 0 0.06512114 -0.09260549 0.006069709 0.9935526
13.5793 Head 0 1.6 7.16432 7.500031 349.3501 0 0.06512114 -0.09260549 0.006069709 0.9935526
13.5806 Head 0 1.6 7.165984 7.500031 349.3501 0 0.06512114 -0.09260549 0.006069709 0.9935526
13.5818 Head 0 1.6 7.167661 7.500031 349.3501 0 0.06512114 -0.09260549 0.006069709 0.9935526
13.5830 Head 0 1.6 7.169312 7.500031 349.3501 0 0.06512114 -0.09260549 0.006069709 0.9935526
13.5842 Head 0 1.6 7.170897 7.500031 349.3501 0 0.06512114 -0.09260549 0.006069709 0.9935526
13.5857 Head 0 1.6 7.172474 7.500031 349.3501 0 0.06512114 -0.09260549 0.006069709 0.9935526
13.5869 Head 0 1.6 7.174326 7.500031 349.3501 0 0.06512114 -0.09260549 0.006069709 0.9935526
13.5880 Head 0 1.6 7.175932 7.500031 349.3501 0 0.06512114 -0.09260549 0.006069709 0.9935526
13.5893 Head 0 1.6 7.177415 7.500031 349.3501 0 0.06512114 -0.09260549 0.006069709 0.9935526
13.5909 Head 0 1.6 7.179105 7.500031 349.3501 0 0.06512114 -0.09260549 0.006069709 0.9935526
13.5922 Head 0 1.6 7.181226 7.500031 349.3501 0 0.06512114 -0.09260549 0.006069709 0.9935526
13.5934 Head 0 1.6 7.182891 7.500031 349.3501 0 0.06512114 -0.09260549 0.006069709 0.9935526
13.5946 Head 0 1.6 7.184474 7.500031 349.3501 0 0.06512114 -0.09260549 0.006069709 0.9935526
13.5959 Head 0 1.6 7.185987 7.500031 349.3501 0 0.06512114 -0.09260549 0.006069709 0.9935526
13.5971 Head 0 1.6 7.187677 7.500031 349.3501 0 0.06512114 -0.09260549 0.006069709 0.9935526
13.5983 Head 0 1.6 7.189301 7.500031 349.3501 0 0.06512114 -0.09260549 0.006069709 0.9935526
13.5996 Head 0 1.6 7.190883 7.500031 349.3501 0 0.06512114 -0.09260549 0.006069709 0.9935526
13.6009 Head 0 1.6 7.19254 7.500031 349.3501 0 0.06512114 -0.09260549 0.006069709 0.9935526
13.6021 Head 0 1.6 7.19428 7.500031 349.3501 0 0.06512114 -0.09260549 0.006069709 0.9935526
13.6032 Head 0 1.6 7.195796 7.500031 349.3501 0 0.06512114 -0.09260549 0.006069709 0.9935526
13.6044 Head 0 1.6 7.197348 7.500031 349.3501 0 0.06512114 -0.09260549 0.006069709 0.9935526
13.6059 Head 0 1.6 7.198891 7.500031 349.3501 0 0.06512114 -0.09260549 0.006069709 0.9935526
13.6074 Other Head Road_Exit
13.6074 Head 0 1.6 7.200782 7.500031 349.3501 0 0.06512114 -0.09260549 0.006069709 0.9935526
13.6086 Head 0 1.6 7.202798 7.500031 349.3501 0 0.06512114 -0.09260549 0.006069709 0.9935526
13.6098 Head 0 1.6 7.204387 7.500031 349.3501 0 0.06512114 -0.09260549 0.006069709 0.9935526
13.6110 Head 0 1.6 7.205948 7.500031 349.3501 0 0.06512114 -0.09260549 0.006069709 0.9935526
13.6122 Head 0 1.6 7.207541 7.500031 349.3501 0 0.06512114 -0.09260549 0.006069709 0.9935526
13.6134 Head 0 1.6 7.209057 7.500031 349.3501 0 0.06512114 -0.09260549 0.006069709 0.9935526
13.6145 Head 0 1.6 7.21067 7.500031 349.3501 0 0.06512114 -0.09260549 0.006069709 0.9935526
13.6158 Head 0 1.6 7.212124 7.500031 349.3501 0 0.06512114 -0.09260549 0.006069709 0.9935526
13.6169 Head 0 1.6 7.2138 7.500031 349.3501 0 0.06512114 -0.09260549 0.006069709 0.9935526
13.6181 Head 0 1.6 7.215212 7.500031 349.3501 0 0.06512114 -0.09260549 0.006069709 0.9935526
13.6194 Head 0 1.6 7.216791 7.500031 349.3501 0 0.06512114 -0.09260549 0.006069709 0.9935526
13.6205 Head 0 1.6 7.218457 7.500031 349.3501 0 0.06512114 -0.09260549 0.006069709 0.9935526
13.6217 Head 0 1.6 7.220005 7.500031 349.3501 0 0.06512114 -0.09260549 0.006069709 0.9935526
13.6233 Head 0 1.6 7.221577 7.500031 349.3501 0 0.06512114 -0.09260549 0.006069709 0.9935526
13.6245 Head 0 1.6 7.223678 7.500031 349.3501 0 0.06512114 -0.09260549 0.006069709 0.9935526
13.6259 Head 0 1.6 7.225139 7.500031 349.3501 0 0.06512114 -0.09260549 0.006069709 0.9935526
13.6270 Head 0 1.6 7.227012 7.500031 349.3501 0 0.06512114 -0.09260549 0.006069709 0.9935526
13.6284 Head 0 1.6 7.228541 7.500031 349.3501 0 0.06512114 -0.09260549 0.006069709 0.9935526
13.6298 Head 0 1.6 7.230291 7.500031 349.3501 0 0.06512114 -0.09260549 0.006069709 0.9935526
13.6312 Head 0 1.6 7.232085 7.500031 349.3501 0 0.06512114 -0.09260549 0.006069709 0.9935526
13.6324 Head 0 1.6 7.233917 7.500031 349.3501 0 0.06512114 -0.09260549 0.006069709 0.9935526
13.6336 Head 0 1.6 7.235549 7.500031 349.3501 0 0.06512114 -0.09260549 0.006069709 0.9935526
13.6349 Head 0 1.6 7.237183 7.500031 349.3501 0 0.06512114 -0.09260549 0.006069709 0.9935526
13.6362 Head 0 1.6 7.238819 7.500031 349.3501 0 0.06512114 -0.09260549 0.006069709 0.9935526
13.6379 Head 0 1.6 7.240567 7.500031 349.3501 0 0.06512114 -0.09260549 0.006069709 0.9935526
13.6392 Head 0 1.6 7.242792 7.500031 349.3501 0 0.06512114 -0.09260549 0.006069709 0.9935526
13.6405 Head 0 1.6 7.244486 7.500031 349.3501 0 0.06512114 -0.09260549 0.006069709 0.9935526
13.6419 Head 0 1.6 7.246198 7.500031 349.3501 0 0.06512114 -0.09260549 0.006069709 0.9935526
13.6432 Head 0 1.6 7.248023 7.500031 349.3501 0 0.06512114 -0.09260549 0.006069709 0.9935526
13.6444 Head 0 1.6 7.249685 7.500031 349.3501 0 0.06512114 -0.09260549 0.006069709 0.9935526
13.6458 Head 0 1.6 7.251211 7.500031 349.3501 0 0.06512114 -0.09260549 0.006069709 0.9935526
13.6471 Head 0 1.6 7.253133 7.500031 349.3501 0 0.06512114 -0.09260549 0.006069709 0.9935526
13.6482 Head 0 1.6 7.254812 7.500031 349.3501 0 0.06512114 -0.09260549 0.006069709 0.9935526
13.6495 Head 0 1.6 7.256304 7.500031 349.3501 0 0.06512114 -0.09260549 0.006069709 0.9935526
13.6507 Head 0 1.6 7.257998 7.500031 349.3501 0 0.06512114 -0.09260549 0.006069709 0.9935526
13.6519 Head 0 1.6 7.259552 7.500031 349.3501 0 0.06512114 -0.09260549 0.006069709 0.9935526
13.6534 Head 0 1.6 7.261093 7.500031 349.3501 0 0.06512114 -0.09260549 0.006069709 0.9935526
13.6547 Head 0 1.6 7.26305 7.500031 349.3501 0 0.06512114 -0.09260549 0.006069709 0.9935526
13.6559 Head 0 1.6 7.264722 7.500031 349.3501 0 0.06512114 -0.09260549 0.006069709 0.9935526
13.6571 Head 0 1.6 7.266308 7.500031 349.3501 0 0.06512114 -0.09260549 0.006069709 0.9935526
13.6584 Head 0 1.6 7.267938 7.500031 349.3501 0 0.06512114 -0.09260549 0.006069709 0.9935526
13.6596 Head 0 1.6 7.269602 7.500031 349.3501 0 0.06512114 -0.09260549 0.006069709 0.9935526
13.6607 Head 0 1.6 7.271234 7.500031 349.3501 0 0.06512114 -0.09260549 0.006069709 0.9935526
13.6618 Head 0 1.6 7.272675 7.500031 349.3501 0 0.06512114 -0.09260549 0.006069709 0.9935526
13.6631 Head 0 1.6 7.274116 7.500031 349.3501 0 0.06512114 -0.09260549 0.006069709 0.9935526
13.6642 Head 0 1.6 7.275764 7.500031 349.3501 0 0.06512114 -0.09260549 0.006069709 0.9935526
13.6658 Head 0 1.6 7.277223 7.500031 349.3501 0 0.06512114 -0.09260549 0.006069709 0.9935526
13.6670 Head 0 1.6 7.279257 7.500031 349.3501 0 0.06512114 -0.09260549 0.006069709 0.9935526
13.6690 Head 0 1.6 7.280897 7.500031 349.3501 0 0.06512114 -0.09260549 0.006069709 0.9935526
13.6702 Head 0 1.6 7.283551 7.500031 349.3501 0 0.06512114 -0.09260549 0.006069709 0.9935526
13.6713 Head 0 1.6 7.285072 7.500031 349.3501 0 0.06512114 -0.09260549 0.006069709 0.9935526
13.6723 Head 0 1.6 7.286542 7.500031 349.3501 0 0.06512114 -0.09260549 0.006069709 0.9935526
13.6735 Head 0 1.6 7.287881 7.500031 349.3501 0 0.06512114 -0.09260549 0.006069709 0.9935526
13.6746 Head 0 1.6 7.289363 7.500031 349.3501 0 0.06512114 -0.09260549 0.006069709 0.9935526
13.6759 Head 0 1.6 7.290842 7.500031 349.3501 0 0.06512114 -0.09260549 0.006069709 0.9935526
13.6770 Head 0 1.6 7.292523 7.500031 349.3501 0 0.06512114 -0.09260549 0.006069709 0.9935526
13.6783 Head 0 1.6 7.293994 7.500031 349.3501 0 0.06512114 -0.09260549 0.006069709 0.9935526
13.6795 Head 0 1.6 7.295623 7.500031 349.3501 0 0.06512114 -0.09260549 0.006069709 0.9935526
13.6807 Head 0 1.6 7.297188 7.500031 349.3501 0 0.06512114 -0.09260549 0.006069709 0.9935526
13.6818 Head 0 1.6 7.298832 7.500031 349.3501 0 0.06512114 -0.09260549 0.006069709 0.9935526
13.6832 Head 0 1.6 7.300329 7.500031 349.3501 0 0.06512114 -0.09260549 0.006069709 0.9935526
13.6844 Head 0 1.6 7.302089 7.500031 349.3501 0 0.06512114 -0.09260549 0.006069709 0.9935526
13.6859 Head 0 1.6 7.30364 7.500031 349.3501 0 0.06512114 -0.09260549 0.006069709 0.9935526
13.6872 Head 0 1.6 7.305587 7.500031 349.3501 0 0.06512114 -0.09260549 0.006069709 0.9935526
13.6884 Head 0 1.6 7.307306 7.500031 349.3501 0 0.06512114 -0.09260549 0.006069709 0.9935526
13.6898 Head 0 1.6 7.308929 7.500031 349.3501 0 0.06512114 -0.09260549 0.006069709 0.9935526
13.6910 Head 0 1.6 7.310708 7.500031 349.3501 0 0.06512114 -0.09260549 0.006069709 0.9935526
13.6921 Head 0 1.6 7.312269 7.500031 349.3501 0 0.06512114 -0.09260549 0.006069709 0.9935526
13.6933 Head 0 1.6 7.313731 7.500031 349.3501 0 0.06512114 -0.09260549 0.006069709 0.9935526
13.6946 Head 0 1.6 7.315325 7.500031 349.3501 0 0.06512114 -0.09260549 0.006069709 0.9935526
13.6958 Head 0 1.6 7.317084 7.500031 349.3501 0 0.06512114 -0.09260549 0.006069709 0.9935526
13.6971 Head 0 1.6 7.318653 7.500031 349.3501 0 0.06512114 -0.09260549 0.006069709 0.9935526
13.6990 Head 0 1.6 7.320266 7.500031 349.3501 0 0.06512114 -0.09260549 0.006069709 0.9935526
13.7003 Head 0 1.6 7.322752 7.500031 349.3501 0 0.06512114 -0.09260549 0.006069709 0.9935526
13.7015 Head 0 1.6 7.3245 7.500031 349.3501 0 0.06512114 -0.09260549 0.006069709 0.9935526
13.7027 Head 0 1.6 7.326129 7.50003 349.2751 -5.38213E-08 0.06511715 -0.09325575 0.006112329 0.9934917
13.7040 Head 0 1.6 7.32763 7.50003 349.2751 -5.38213E-08 0.06511715 -0.09325575 0.006112329 0.9934917
13.7053 Head 0 1.6 7.329282 7.50003 349.2751 -5.38213E-08 0.06511715 -0.09325575 0.006112329 0.9934917
13.7066 Head 0 1.6 7.331112 7.50003 349.2751 -5.38213E-08 0.06511715 -0.09325575 0.006112329 0.9934917
13.7084 Head 0 1.6 7.332722 7.50003 349.2751 -5.38213E-08 0.06511715 -0.09325575 0.006112329 0.9934917
13.7101 Head 0 1.6 7.335082 7.425032 349.2751 -1.076241E-07 0.0644669 -0.09325974 0.006051292 0.9935341
13.7113 Head 0 1.6 7.337286 7.425031 349.2001 -5.381207E-08 0.06446292 -0.09390998 0.006093484 0.9934729
13.7125 Head 0 1.6 7.338872 7.425031 349.2001 -5.381207E-08 0.06446292 -0.09390998 0.006093484 0.9934729
13.7141 Head 0 1.6 7.34052 7.425031 349.2001 -5.381207E-08 0.06446292 -0.09390998 0.006093484 0.9934729
13.7158 Head 0 1.6 7.342598 7.425031 349.2001 -5.381207E-08 0.06446292 -0.09390998 0.006093484 0.9934729
13.7170 Head 0 1.6 7.344767 7.42503 349.1251 0 0.06445891 -0.09456018 0.006135673 0.9934112
13.7188 Head 0 1.6 7.346431 7.42503 349.1251 0 0.06445891 -0.09456018 0.006135673 0.9934112
13.7200 Head 0 1.6 7.348674 7.350031 349.1251 -5.380294E-08 0.06380872 -0.09456418 0.006073782 0.9934532
13.7213 Head 0 1.6 7.350293 7.350031 349.1251 -5.380294E-08 0.06380872 -0.09456418 0.006073782 0.9934532
13.7225 Head 0 1.6 7.352074 7.35003 349.0501 -5.380295E-08 0.06380473 -0.09521437 0.006115544 0.993391
13.7237 Head 0 1.6 7.353572 7.35003 349.0501 -5.380295E-08 0.06380473 -0.09521437 0.006115544 0.993391
13.7256 Head 0 1.6 7.355199 7.35003 349.0501 -5.380295E-08 0.06380473 -0.09521437 0.006115544 0.993391
13.7270 Head 0 1.6 7.357589 7.27503 349.0501 0 0.06315454 -0.09521835 0.006053225 0.9934326
13.7283 Head 0 1.6 7.359476 7.27503 349.0501 0 0.06315454 -0.09521835 0.006053225 0.9934326
13.7295 Head 0 1.6 7.361148 7.27503 349.0501 0 0.06315454 -0.09521835 0.006053225 0.9934326
13.7315 Head 0 1.6 7.362738 7.200029 349.0501 0 0.06250433 -0.09522229 0.005990903 0.9934737
13.7328 Head 0 1.6 7.36539 7.200031 348.9751 0 0.0625004 -0.09587249 0.006031812 0.9934112
13.7339 Head 0 1.6 7.367011 7.200031 348.9751 0 0.0625004 -0.09587249 0.006031812 0.9934112
13.7358 Head 0 1.6 7.368564 7.200031 348.9751 0 0.0625004 -0.09587249 0.006031812 0.9934112
13.7370 Head 0 1.6 7.370981 7.125031 348.9751 0 0.0618502 -0.09587642 0.005969062 0.9934519
13.7382 Head 0 1.6 7.372569 7.125031 348.9751 0 0.0618502 -0.09587642 0.005969062 0.9934519
13.7398 Head 0 1.6 7.374114 7.125031 348.9751 0 0.0618502 -0.09587642 0.005969062 0.9934519
13.7410 Head 0 1.6 7.37623 7.050031 348.9751 0 0.06119998 -0.0958803 0.00590631 0.9934921
13.7422 Head 0 1.6 7.377842 7.050031 348.9751 0 0.06119998 -0.0958803 0.00590631 0.9934921
13.7442 Head 0 1.6 7.379404 7.050031 348.9751 0 0.06119998 -0.0958803 0.00590631 0.9934921
13.7457 Head 0 1.6 7.381945 6.975031 348.9001 0 0.06054589 -0.09653439 0.005883183 0.9934691
13.7469 Head 0 1.6 7.383992 6.975031 348.9001 0 0.06054589 -0.09653439 0.005883183 0.9934691
13.7482 Head 0 1.6 7.385581 6.975031 348.9001 0 0.06054589 -0.09653439 0.005883183 0.9934691
13.7494 Head 0 1.6 7.387247 6.975031 348.9001 0 0.06054589 -0.09653439 0.005883183 0.9934691
13.7511 Head 0 1.6 7.388884 6.975031 348.9001 0 0.06054589 -0.09653439 0.005883183 0.9934691
13.7524 Head 0 1.6 7.391087 6.900031 348.9001 0 0.05989565 -0.09653822 0.005820001 0.9935085
13.7536 Head 0 1.6 7.392724 6.900031 348.9001 0 0.05989565 -0.09653822 0.005820001 0.9935085
13.7549 Head 0 1.6 7.394291 6.900031 348.9001 0 0.05989565 -0.09653822 0.005820001 0.9935085
13.7568 Head 0 1.6 7.395963 6.900031 348.9001 0 0.05989565 -0.09653822 0.005820001 0.9935085
13.7580 Head 0 1.6 7.398462 6.825032 348.9001 0 0.05924539 -0.09654202 0.005756816 0.9935474
13.7603 Head 0 1.6 7.400139 6.825032 348.9001 0 0.05924539 -0.09654202 0.005756816 0.9935474
13.7623 Head 0 1.6 7.403105 6.750032 348.9001 -5.373331E-08 0.05859511 -0.09654576 0.005693628 0.993586
13.7636 Head 0 1.6 7.405704 6.750032 348.9001 -5.373331E-08 0.05859511 -0.09654576 0.005693628 0.993586
13.7647 Head 0 1.6 7.407379 6.750032 348.9001 -5.373331E-08 0.05859511 -0.09654576 0.005693628 0.993586
13.7661 Head 0 1.6 7.408882 6.750032 348.9001 -5.373331E-08 0.05859511 -0.09654576 0.005693628 0.993586
13.7674 Head 0 1.6 7.410716 6.675033 348.9001 0 0.0579448 -0.09654947 0.005630438 0.9936242
13.7685 Head 0 1.6 7.412344 6.675033 348.9001 0 0.0579448 -0.09654947 0.005630438 0.9936242
13.7698 Head 0 1.6 7.413868 6.675033 348.9001 0 0.0579448 -0.09654947 0.005630438 0.9936242
13.7710 Head 0 1.6 7.415583 6.675033 348.9001 0 0.0579448 -0.09654947 0.005630438 0.9936242
13.7728 Head 0 1.6 7.417174 6.675033 348.9001 0 0.0579448 -0.09654947 0.005630438 0.9936242
13.7740 Head 0 1.6 7.419459 6.600032 348.9001 0 0.05729446 -0.09655312 0.005567245 0.9936618
13.7752 Head 0 1.6 7.42105 6.600032 348.9001 0 0.05729446 -0.09655312 0.005567245 0.9936618
13.7763 Head 0 1.6 7.422613 6.600032 348.9001 0 0.05729446 -0.09655312 0.005567245 0.9936618
13.7775 Head 0 1.6 7.424086 6.600032 348.9001 0 0.05729446 -0.09655312 0.005567245 0.9936618
13.7787 Head 0 1.6 7.425629 6.600032 348.9001 0 0.05729446 -0.09655312 0.005567245 0.9936618
13.7799 Head 0 1.6 7.42724 6.600032 348.9001 0 0.05729446 -0.09655312 0.005567245 0.9936618
13.7810 Head 0 1.6 7.428718 6.600032 348.9001 0 0.05729446 -0.09655312 0.005567245 0.9936618
13.7821 Head 0 1.6 7.430157 6.600032 348.9001 0 0.05729446 -0.09655312 0.005567245 0.9936618
13.7832 Head 0 1.6 7.431615 6.600032 348.9001 0 0.05729446 -0.09655312 0.005567245 0.9936618
13.7844 Head 0 1.6 7.433147 6.600032 348.9001 0 0.05729446 -0.09655312 0.005567245 0.9936618
13.7862 Head 0 1.6 7.434676 6.600032 348.9001 0 0.05729446 -0.09655312 0.005567245 0.9936618
13.7874 Head 0 1.6 7.437044 6.525032 348.9001 0 0.0566441 -0.09655675 0.00550405 0.9936991
13.7885 Head 0 1.6 7.438586 6.525032 348.9001 0 0.0566441 -0.09655675 0.00550405 0.9936991
13.7897 Head 0 1.6 7.440047 6.525032 348.9001 0 0.0566441 -0.09655675 0.00550405 0.9936991
13.7908 Head 0 1.6 7.441575 6.525032 348.9001 0 0.0566441 -0.09655675 0.00550405 0.9936991
13.7920 Head 0 1.6 7.443077 6.525032 348.9001 0 0.0566441 -0.09655675 0.00550405 0.9936991
13.7933 Head 0 1.6 7.44469 6.525032 348.9001 0 0.0566441 -0.09655675 0.00550405 0.9936991
13.7945 Head 0 1.6 7.446332 6.525032 348.9001 0 0.0566441 -0.09655675 0.00550405 0.9936991
13.7955 Head 0 1.6 7.447837 6.525032 348.9001 0 0.0566441 -0.09655675 0.00550405 0.9936991
13.7968 Head 0 1.6 7.449275 6.525032 348.9001 0 0.0566441 -0.09655675 0.00550405 0.9936991
13.7979 Head 0 1.6 7.450886 6.525032 348.9001 0 0.0566441 -0.09655675 0.00550405 0.9936991
13.7990 Head 0 1.6 7.452339 6.525032 348.9001 0 0.0566441 -0.09655675 0.00550405 0.9936991
13.8002 Head 0 1.6 7.453846 6.525032 348.9001 0 0.0566441 -0.09655675 0.00550405 0.9936991
13.8016 Head 0 1.6 7.455378 6.525032 348.9001 0 0.0566441 -0.09655675 0.00550405 0.9936991
13.8028 Head 0 1.6 7.457189 6.525032 348.9001 0 0.0566441 -0.09655675 0.00550405 0.9936991
13.8042 Head 0 1.6 7.458837 6.525032 348.9001 0 0.0566441 -0.09655675 0.00550405 0.9936991
13.8057 Head 0 1.6 7.46055 6.525032 348.9001 0 0.0566441 -0.09655675 0.00550405 0.9936991
13.8076 Head 0 1.6 7.462536 6.525032 348.9001 0 0.0566441 -0.09655675 0.00550405 0.9936991
13.8089 Head 0 1.6 7.465004 6.525032 348.9001 0 0.0566441 -0.09655675 0.00550405 0.9936991
13.8101 Head 0 1.6 7.466728 6.525032 348.9001 0 0.0566441 -0.09655675 0.00550405 0.9936991
13.8113 Head 0 1.6 7.468374 6.525032 348.9001 0 0.0566441 -0.09655675 0.00550405 0.9936991
13.8126 Head 0 1.6 7.46995 6.525032 348.9001 0 0.0566441 -0.09655675 0.00550405 0.9936991
13.8138 Head 0 1.6 7.471567 6.525032 348.9001 0 0.0566441 -0.09655675 0.00550405 0.9936991
13.8150 Head 0 1.6 7.473141 6.525032 348.9001 0 0.0566441 -0.09655675 0.00550405 0.9936991
13.8161 Head 0 1.6 7.474731 6.525032 348.9001 0 0.0566441 -0.09655675 0.00550405 0.9936991
13.8174 Head 0 1.6 7.476203 6.525032 348.9001 0 0.0566441 -0.09655675 0.00550405 0.9936991
13.8185 Head 0 1.6 7.477863 6.525032 348.9001 0 0.0566441 -0.09655675 0.00550405 0.9936991
13.8197 Head 0 1.6 7.479376 6.525032 348.9001 0 0.0566441 -0.09655675 0.00550405 0.9936991
13.8209 Head 0 1.6 7.480867 6.525032 348.9001 0 0.0566441 -0.09655675 0.00550405 0.9936991
13.8221 Head 0 1.6 7.482433 6.525032 348.9001 0 0.0566441 -0.09655675 0.00550405 0.9936991
13.8234 Head 0 1.6 7.484035 6.525032 348.9001 0 0.0566441 -0.09655675 0.00550405 0.9936991
13.8246 Head 0 1.6 7.485728 6.525032 348.9001 0 0.0566441 -0.09655675 0.00550405 0.9936991
13.8261 Head 0 1.6 7.487292 6.525032 348.9001 0 0.0566441 -0.09655675 0.00550405 0.9936991
13.8272 Head 0 1.6 7.489281 6.525032 348.9001 0 0.0566441 -0.09655675 0.00550405 0.9936991
13.8284 Head 0 1.6 7.490777 6.525032 348.9751 0 0.05664768 -0.09590636 0.005466976 0.9937621
13.8302 Head 0 1.6 7.492296 6.525032 348.9751 0 0.05664768 -0.09590636 0.005466976 0.9937621
13.8314 Head 0 1.6 7.494656 6.525032 349.0501 5.370876E-08 0.05665125 -0.09525593 0.005429899 0.9938247
13.8338 Head 0 1.6 7.496275 6.600032 349.1251 0 0.05730528 -0.09460189 0.005454737 0.9938495
13.8355 Head 0 1.6 7.499341 6.600032 349.2751 5.371685E-08 0.05731237 -0.09330087 0.005379721 0.9939725
13.8406 Head 0 1.6 7.501622 6.675032 349.3501 5.372504E-08 0.05796646 -0.09264679 0.005402847 0.9939956
13.8425 Head 0 1.6 7.508244 6.825032 349.7251 0 0.05928531 -0.08938655 0.005330134 0.9942167
13.8445 Head 0 1.6 7.510736 6.900032 349.8751 0 0.05994301 -0.08808159 0.005310176 0.9942939
13.8474 Head 0 1.6 7.513352 7.050032 349.9501 -5.376737E-08 0.06124803 -0.08742385 0.005385385 0.994272
13.8486 Head 0 1.6 7.517186 7.200032 350.1001 5.378497E-08 0.06255662 -0.08611525 0.005417936 0.9943045
13.8504 Head 0 1.6 7.518798 7.200032 350.1751 0 0.06256015 -0.08546446 0.005376992 0.9943607
13.8524 Head 0 1.6 7.521117 7.350031 350.3251 0 0.06386884 -0.08415578 0.005405261 0.9943889
13.8543 Head 0 1.6 7.523747 7.425031 350.4751 0 0.06452674 -0.08285055 0.005375878 0.9944562
13.8561 Head 0 1.6 7.526235 7.575033 350.5501 0 0.065832 -0.08219261 0.00544124 0.9944249
13.8578 Head 0 1.6 7.528603 7.575033 350.6251 5.383063E-08 0.06583555 -0.08154175 0.005398152 0.9944785
13.8595 Head 0 1.6 7.530891 7.650032 350.7001 -5.384004E-08 0.06648997 -0.08088733 0.005408003 0.9944884
13.8616 Head 0 1.6 7.533089 7.725031 350.8501 -5.384956E-08 0.06714794 -0.07958199 0.005373051 0.9945497
13.8628 Head 0 1.6 7.535768 7.800032 350.9251 0 0.06780239 -0.07892753 0.005380761 0.9945574
13.8645 Head 0 1.6 7.537326 7.875032 350.9251 -5.386888E-08 0.06845331 -0.07892399 0.005432417 0.9945128
13.8663 Head 0 1.6 7.539559 7.950032 351.0001 0 0.06910779 -0.07826953 0.005438842 0.9945192
13.8694 Head 0 1.6 7.542021 8.025032 351.0001 0 0.06975868 -0.07826595 0.005490068 0.9944738
13.8706 Head 0 1.6 7.54604 8.100031 351.0751 0 0.07041314 -0.07761148 0.005495208 0.9944789
13.8723 Head 0 1.6 7.547612 8.100031 351.0751 0 0.07041314 -0.07761148 0.005495208 0.9944789
13.8735 Head 0 1.6 7.549845 8.175033 351.0751 -1.078173E-07 0.07106403 -0.07760786 0.005546004 0.9944326
13.8750 Head 0 1.6 7.551388 8.175033 351.0751 -1.078173E-07 0.07106403 -0.07760786 0.005546004 0.9944326
13.8762 Head 0 1.6 7.553351 8.250031 351.0751 -5.391884E-08 0.07171485 -0.07760421 0.005596796 0.9943858
13.8778 Head 0 1.6 7.55493 8.250031 351.0751 -5.391884E-08 0.07171485 -0.07760421 0.005596796 0.9943858
13.8789 Head 0 1.6 7.556975 8.32503 351.0751 0 0.07236566 -0.07760054 0.005647587 0.9943387
13.8802 Head 0 1.6 7.558517 8.32503 351.0751 0 0.07236566 -0.07760054 0.005647587 0.9943387
13.8813 Head 0 1.6 7.560155 8.40003 351.0751 0 0.07301644 -0.07759682 0.005698375 0.9942911
13.8825 Head 0 1.6 7.561584 8.40003 351.0751 0 0.07301644 -0.07759682 0.005698375 0.9942911
13.8847 Head 0 1.6 7.563147 8.40003 351.0751 0 0.07301644 -0.07759682 0.005698375 0.9942911
13.8865 Head 0 1.6 7.566081 8.47503 351.0001 -1.079E-07 0.07366341 -0.07824378 0.005797374 0.9941921
13.8877 Head 0 1.6 7.568444 8.550031 350.9251 -5.396055E-08 0.07431025 -0.07889063 0.005897221 0.9940923
13.8892 Head 0 1.6 7.570025 8.550031 350.9251 -5.396055E-08 0.07431025 -0.07889063 0.005897221 0.9940923
13.8907 Head 0 1.6 7.571939 8.625031 350.8501 -5.397121E-08 0.07495695 -0.07953733 0.005997913 0.9939916
13.8925 Head 0 1.6 7.573951 8.700028 350.8501 0 0.07560749 -0.07953338 0.006049969 0.9939423
13.8937 Head 0 1.6 7.576284 8.775029 350.7751 -5.399284E-08 0.076254 -0.08017989 0.00615193 0.9938403
13.8956 Head 0 1.6 7.577835 8.775031 350.7001 0 0.07624996 -0.08083034 0.006201838 0.9937877
13.8968 Head 0 1.6 7.58028 8.925029 350.6251 -5.401485E-08 0.07754661 -0.0814725 0.006358394 0.9936339
13.8986 Head 0 1.6 7.58186 8.925029 350.6251 -5.401485E-08 0.07754661 -0.0814725 0.006358394 0.9936339
13.9008 Head 0 1.6 7.584223 9.075027 350.5501 5.403725E-08 0.07884295 -0.08211435 0.006516639 0.993478
13.9021 Head 0 1.6 7.587161 9.150028 350.4751 0 0.07948884 -0.08276024 0.006622408 0.9933723
13.9033 Head 0 1.6 7.588881 9.300028 350.4001 0 0.08078467 -0.08340158 0.00678361 0.993213
13.9051 Head 0 1.6 7.590394 9.300028 350.4001 0 0.08078467 -0.08340158 0.00678361 0.993213
13.9076 Head 0 1.6 7.592854 9.450027 350.3251 0 0.08208019 -0.08404259 0.006946499 0.9930516
13.9087 Head 0 1.6 7.596036 9.600027 350.2501 0 0.08337538 -0.08468329 0.007111075 0.9928881
13.9107 Head 0 1.6 7.597541 9.675026 350.2501 0 0.0840252 -0.08467862 0.007166498 0.9928333
13.9124 Head 0 1.6 7.600151 9.825027 350.2501 5.415512E-08 0.08532474 -0.08466916 0.007277336 0.9927225
13.9140 Head 0 1.6 7.602324 9.900027 350.1751 0 0.08596965 -0.08531406 0.007389019 0.9926108
13.9156 Head 0 1.6 7.604444 10.05003 350.1751 0 0.08726888 -0.08530431 0.007500687 0.9924974
13.9168 Head 0 1.6 7.6065 10.20002 350.1751 -5.421773E-08 0.08856798 -0.08529443 0.007612343 0.9923823
13.9185 Head 0 1.6 7.608147 10.27503 350.1751 1.084611E-07 0.08921747 -0.08528942 0.007668167 0.9923241
13.9196 Head 0 1.6 7.610316 10.42503 350.1751 -5.425649E-08 0.09051635 -0.08527932 0.007779804 0.9922065
13.9217 Head 0 1.6 7.611817 10.50003 350.1001 0 0.09116058 -0.08592354 0.007895283 0.992091
13.9234 Head 0 1.6 7.614527 10.65003 350.1001 0 0.09245914 -0.08591313 0.00800775 0.9919708
13.9251 Head 0 1.6 7.61676 10.80002 350.1001 0 0.09375754 -0.08590258 0.008120202 0.991849
13.9270 Head 0 1.6 7.618973 11.02503 350.1751 0 0.09571026 -0.08523741 0.008226217 0.9917189
13.9285 Head 0 1.6 7.621449 11.10003 350.1751 1.087562E-07 0.09635931 -0.08523201 0.008282003 0.9916561
13.9297 Head 0 1.6 7.623505 11.25002 350.2501 0 0.09766278 -0.08457213 0.008329645 0.9915847
13.9331 Head 0 1.6 7.625002 11.32502 350.2501 -1.088409E-07 0.09831174 -0.08456666 0.008384995 0.9915206
13.9350 Head 0 1.6 7.629442 11.62502 350.4001 1.089567E-07 0.1009184 -0.08324679 0.008474267 0.9913696
13.9367 Head 0 1.6 7.631959 11.77502 350.4751 0 0.1022216 -0.08258684 0.008516327 0.9912909
13.9385 Head 0 1.6 7.634247 11.92502 350.5501 0 0.1035247 -0.0819269 0.008556671 0.9912101
13.9407 Head 0 1.6 7.636503 12.07502 350.7001 0 0.1048334 -0.08061825 0.008526688 0.9911801
13.9427 Head 0 1.6 7.639373 12.22502 350.9251 1.091979E-07 0.1061475 -0.07866095 0.008423804 0.9911984
13.9443 Head 0 1.6 7.642074 12.45002 351.0751 0 0.1081046 -0.077347 0.008436739 0.9910901
13.9467 Head 0 1.6 7.644193 12.60003 351.2251 0 0.1094129 -0.07603868 0.008394764 0.9910482
13.9486 Head 0 1.6 7.647235 12.75002 351.3751 1.094197E-07 0.1107211 -0.07473047 0.008349364 0.9910028
13.9506 Head 0 1.6 7.649734 12.90002 351.6001 0 0.1120346 -0.07277379 0.008227215 0.9910018
13.9528 Head 0 1.6 7.652442 13.05002 351.8251 0 0.1133479 -0.07081728 0.008099926 0.9909953
13.9544 Head 0 1.6 7.655262 13.20002 352.0501 -1.096179E-07 0.1146609 -0.06886096 0.007967497 0.9909831
13.9560 Head 0 1.6 7.65732 13.35002 352.2001 1.096857E-07 0.1159684 -0.06755341 0.007905833 0.9909215
13.9576 Head 0 1.6 7.65947 13.42502 352.3501 -5.485992E-08 0.1166272 -0.06625116 0.007797387 0.9909329
13.9597 Head 0 1.6 7.661573 13.50002 352.5751 -5.487712E-08 0.1172909 -0.06430037 0.007610462 0.9909846
13.9615 Head 0 1.6 7.664322 13.72502 352.8001 0 0.1192515 -0.06233985 0.007502566 0.9908767
13.9640 Head 0 1.6 7.666664 13.80002 353.1001 -5.494694E-08 0.1199193 -0.0597408 0.007229442 0.9909582
13.9658 Head 0 1.6 7.669902 13.95002 353.2501 -5.498248E-08 0.1212258 -0.05843429 0.007148958 0.9908777
13.9675 Head 0 1.6 7.672341 14.10002 353.4001 0 0.1225321 -0.05712797 0.007065054 0.9907938
13.9687 Head 0 1.6 7.674578 14.10002 353.6251 0 0.1225458 -0.05518245 0.00682445 0.9909041
13.9700 Head 0 1.6 7.676132 14.10002 353.6251 0 0.1225458 -0.05518245 0.00682445 0.9909041
13.9711 Head 0 1.6 7.677782 14.10002 353.6251 0 0.1225458 -0.05518245 0.00682445 0.9909041
13.9722 Head 0 1.6 7.679252 14.10002 353.6251 0 0.1225458 -0.05518245 0.00682445 0.9909041
13.9734 Head 0 1.6 7.680716 14.10002 353.6251 0 0.1225458 -0.05518245 0.00682445 0.9909041
13.9745 Head 0 1.6 7.682265 14.10002 353.6251 0 0.1225458 -0.05518245 0.00682445 0.9909041
13.9757 Head 0 1.6 7.68373 14.10002 353.6251 0 0.1225458 -0.05518245 0.00682445 0.9909041
13.9771 Head 0 1.6 7.685305 14.10002 353.6251 0 0.1225458 -0.05518245 0.00682445 0.9909041
13.9784 Head 0 1.6 7.687076 14.10002 353.6251 0 0.1225458 -0.05518245 0.00682445 0.9909041
13.9808 Head 0 1.6 7.68883 14.10002 353.6251 0 0.1225458 -0.05518245 0.00682445 0.9909041
13.9820 Head 0 1.6 7.692024 14.10002 353.6251 0 0.1225458 -0.05518245 0.00682445 0.9909041
13.9833 Head 0 1.6 7.693549 14.10002 353.6251 0 0.1225458 -0.05518245 0.00682445 0.9909041
13.9848 Head 0 1.6 7.695262 14.10002 353.6251 0 0.1225458 -0.05518245 0.00682445 0.9909041
13.9861 Head 0 1.6 7.697147 14.10002 353.6251 0 0.1225458 -0.05518245 0.00682445 0.9909041
13.9875 Head 0 1.6 7.698927 14.10002 353.6251 0 0.1225458 -0.05518245 0.00682445 0.9909041
