11.7493 SecondCar -39.79991 0.025 2.97 0 90 0 0 0.7071068 0 0.7071068 0.3414555 0
11.7507 Head -0.3924083 1.6 7.387765 12.00002 4.050187 2.727649E-08 0.1044634 0.03514361 -0.003693749 0.9939008
11.7507 FirstCar -7.205106 0.025 2.97 0 90 0 0 0.7071068 0 0.7071068 0.344642 0
11.7507 SecondCar -39.79945 0.025 2.97 0 90 0 0 0.7071068 0 0.7071068 0.344642 0
11.7520 Head -0.3924083 1.6 7.389505 12.00002 4.050187 2.727649E-08 0.1044634 0.03514361 -0.003693749 0.9939008
11.7520 FirstCar -7.204651 0.025 2.97 0 90 0 0 0.7071068 0 0.7071068 0.3477774 0
11.7520 SecondCar -39.799 0.025 2.97 0 90 0 0 0.7071068 0 0.7071068 0.3477774 0
11.7533 Head -0.3924083 1.6 7.391216 12.00002 4.050187 2.727649E-08 0.1044634 0.03514361 -0.003693749 0.9939008
11.7533 FirstCar -7.204194 0.025 2.97 0 90 0 0 0.7071068 0 0.7071068 0.3509082 0
11.7533 SecondCar -39.79854 0.025 2.97 0 90 0 0 0.7071068 0 0.7071068 0.3509082 0
11.7546 Head -0.3924083 1.6 7.392925 12.00002 4.050187 2.727649E-08 0.1044634 0.03514361 -0.003693749 0.9939008
11.7546 FirstCar -7.203715 0.025 2.97 0 90 0 0 0.7071068 0 0.7071068 0.3541537 0
11.7546 SecondCar -39.79806 0.025 2.97 0 90 0 0 0.7071068 0 0.7071068 0.3541537 0
11.7560 Head -0.3924083 1.6 7.394697 12.00002 4.050187 2.727649E-08 0.1044634 0.03514361 -0.003693749 0.9939008
11.7560 FirstCar -7.203226 0.025 2.97 0 90 0 0 0.7071068 0 0.7071068 0.3574395 0
11.7560 SecondCar -39.79757 0.025 2.97 0 90 0 0 0.7071068 0 0.7071068 0.3574395 0
11.7576 Head -0.3924083 1.6 7.39649 12.00002 4.050187 2.727649E-08 0.1044634 0.03514361 -0.003693749 0.9939008
11.7576 FirstCar -7.202642 0.025 2.97 0 90 0 0 0.7071068 0 0.7071068 0.3613172 0
11.7576 SecondCar -39.79699 0.025 2.97 0 90 0 0 0.7071068 0 0.7071068 0.3613172 0
11.7591 Head -0.3924083 1.6 7.398607 12.00002 4.050187 2.727649E-08 0.1044634 0.03514361 -0.003693749 0.9939008
11.7591 FirstCar -7.202112 0.025 2.97 0 90 0 0 0.7071068 0 0.7071068 0.364801 0
11.7591 SecondCar -39.79646 0.025 2.97 0 90 0 0 0.7071068 0 0.7071068 0.364801 0
11.7604 Head -0.3924083 1.6 7.400508 12.00002 4.050187 2.727649E-08 0.1044634 0.03514361 -0.003693749 0.9939008
11.7604 FirstCar -7.201615 0.025 2.97 0 90 0 0 0.7071068 0 0.7071068 0.3680403 0
11.7604 SecondCar -39.79596 0.025 2.97 0 90 0 0 0.7071068 0 0.7071068 0.3680403 0
11.7618 Head -0.3924083 1.6 7.402277 12.00002 4.050187 2.727649E-08 0.1044634 0.03514361 -0.003693749 0.9939008
11.7618 FirstCar -7.201099 0.025 2.97 0 90 0 0 0.7071068 0 0.7071068 0.3713775 0
11.7618 SecondCar -39.79544 0.025 2.97 0 90 0 0 0.7071068 0 0.7071068 0.3713775 0
11.7631 Head -0.3924083 1.6 7.404098 12.00002 4.050187 2.727649E-08 0.1044634 0.03514361 -0.003693749 0.9939008
11.7631 FirstCar -7.2006 0.025 2.97 0 90 0 0 0.7071068 0 0.7071068 0.3745738 0
11.7631 SecondCar -39.79494 0.025 2.97 0 90 0 0 0.7071068 0 0.7071068 0.3745738 0
11.7647 Head -0.3924083 1.6 7.405843 12.00002 4.050187 2.727649E-08 0.1044634 0.03514361 -0.003693749 0.9939008
11.7647 FirstCar -7.200022 0.025 2.97 0 90 0 0 0.7071068 0 0.7071068 0.3782398 0
11.7647 SecondCar -39.79437 0.025 2.97 0 90 0 0 0.7071068 0 0.7071068 0.3782398 0
11.7660 Head -0.3924083 1.6 7.407844 12.00002 4.050187 2.727649E-08 0.1044634 0.03514361 -0.003693749 0.9939008
11.7660 FirstCar -7.19953 0.025 2.97 0 90 0 0 0.7071068 0 0.7071068 0.3813401 0
11.7660 SecondCar -39.79388 0.025 2.97 0 90 0 0 0.7071068 0 0.7071068 0.3813401 0
11.7672 Head -0.3924083 1.6 7.409536 12.00002 4.050187 2.727649E-08 0.1044634 0.03514361 -0.003693749 0.9939008
11.7672 FirstCar -7.199066 0.025 2.97 0 90 0 0 0.7071068 0 0.7071068 0.3842343 0
11.7672 SecondCar -39.79342 0.025 2.97 0 90 0 0 0.7071068 0 0.7071068 0.3842343 0
11.7685 Head -0.3924083 1.6 7.411116 12.00002 4.050187 2.727649E-08 0.1044634 0.03514361 -0.003693749 0.9939008
11.7685 FirstCar -7.198544 0.025 2.97 0 90 0 0 0.7071068 0 0.7071068 0.3874702 0
11.7685 SecondCar -39.79289 0.025 2.97 0 90 0 0 0.7071068 0 0.7071068 0.3874702 0
11.7699 Head -0.3924083 1.6 7.412882 12.00002 4.050187 2.727649E-08 0.1044634 0.03514361 -0.003693749 0.9939008
11.7699 FirstCar -7.197993 0.025 2.97 0 90 0 0 0.7071068 0 0.7071068 0.3908521 0
11.7699 SecondCar -39.79234 0.025 2.97 0 90 0 0 0.7071068 0 0.7071068 0.3908521 0
11.7712 Head -0.3924083 1.6 7.414728 12.00002 4.050187 2.727649E-08 0.1044634 0.03514361 -0.003693749 0.9939008
11.7712 FirstCar -7.197494 0.025 2.97 0 90 0 0 0.7071068 0 0.7071068 0.3938948 0
11.7712 SecondCar -39.79184 0.025 2.97 0 90 0 0 0.7071068 0 0.7071068 0.3938948 0
11.7725 Head -0.3924083 1.6 7.416389 12.00002 4.050187 2.727649E-08 0.1044634 0.03514361 -0.003693749 0.9939008
11.7725 FirstCar -7.196963 0.025 2.97 0 90 0 0 0.7071068 0 0.7071068 0.3971007 0
11.7725 SecondCar -39.79131 0.025 2.97 0 90 0 0 0.7071068 0 0.7071068 0.3971007 0
11.7738 Head -0.3924083 1.6 7.418139 12.00002 4.050187 2.727649E-08 0.1044634 0.03514361 -0.003693749 0.9939008
11.7738 FirstCar -7.196467 0.025 2.97 0 90 0 0 0.7071068 0 0.7071068 0.4000781 0
11.7738 SecondCar -39.79082 0.025 2.97 0 90 0 0 0.7071068 0 0.7071068 0.4000781 0
11.7752 Head -0.3924083 1.6 7.419764 12.00002 4.050187 2.727649E-08 0.1044634 0.03514361 -0.003693749 0.9939008
11.7752 FirstCar -7.195897 0.025 2.97 0 90 0 0 0.7071068 0 0.7071068 0.4034694 0
11.7752 SecondCar -39.79025 0.025 2.97 0 90 0 0 0.7071068 0 0.7071068 0.4034694 0
11.7765 Head -0.3924083 1.6 7.421615 12.00002 4.050187 2.727649E-08 0.1044634 0.03514361 -0.003693749 0.9939008
11.7765 FirstCar -7.195374 0.025 2.97 0 90 0 0 0.7071068 0 0.7071068 0.4065548 0
11.7765 SecondCar -39.78973 0.025 2.97 0 90 0 0 0.7071068 0 0.7071068 0.4065548 0
11.7777 Head -0.3924083 1.6 7.423299 12.00002 4.050187 2.727649E-08 0.1044634 0.03514361 -0.003693749 0.9939008
11.7777 FirstCar -7.194876 0.025 2.97 0 90 0 0 0.7071068 0 0.7071068 0.409472 0
11.7777 SecondCar -39.78923 0.025 2.97 0 90 0 0 0.7071068 0 0.7071068 0.409472 0
11.7789 Head -0.3924083 1.6 7.424891 12.00002 4.050187 2.727649E-08 0.1044634 0.03514361 -0.003693749 0.9939008
11.7789 FirstCar -7.194356 0.025 2.97 0 90 0 0 0.7071068 0 0.7071068 0.412495 0
11.7789 SecondCar -39.78871 0.025 2.97 0 90 0 0 0.7071068 0 0.7071068 0.412495 0
11.7802 Head -0.3924083 1.6 7.426541 12.00002 4.050187 2.727649E-08 0.1044634 0.03514361 -0.003693749 0.9939008
11.7802 FirstCar -7.193851 0.025 2.97 0 90 0 0 0.7071068 0 0.7071068 0.4154113 0
11.7802 SecondCar -39.78821 0.025 2.97 0 90 0 0 0.7071068 0 0.7071068 0.4154113 0
11.7815 Head -0.3924083 1.6 7.428133 12.00002 4.050187 2.727649E-08 0.1044634 0.03514361 -0.003693749 0.9939008
11.7815 FirstCar -7.193299 0.025 2.97 0 90 0 0 0.7071068 0 0.7071068 0.4185781 0
11.7815 SecondCar -39.78765 0.025 2.97 0 90 0 0 0.7071068 0 0.7071068 0.4185781 0
11.7827 Head -0.3924083 1.6 7.429861 12.00002 4.050187 2.727649E-08 0.1044634 0.03514361 -0.003693749 0.9939008
11.7827 FirstCar -7.192779 0.025 2.97 0 90 0 0 0.7071068 0 0.7071068 0.4215423 0
11.7827 SecondCar -39.78714 0.025 2.97 0 90 0 0 0.7071068 0 0.7071068 0.4215423 0
11.7839 Head -0.3924083 1.6 7.431479 12.00002 4.050187 2.727649E-08 0.1044634 0.03514361 -0.003693749 0.9939008
11.7839 FirstCar -7.192266 0.025 2.97 0 90 0 0 0.7071068 0 0.7071068 0.4244388 0
11.7839 SecondCar -39.78662 0.025 2.97 0 90 0 0 0.7071068 0 0.7071068 0.4244388 0
11.7855 Head -0.3924083 1.6 7.43306 12.00002 4.050187 2.727649E-08 0.1044634 0.03514361 -0.003693749 0.9939008
11.7855 FirstCar -7.191572 0.025 2.97 0 90 0 0 0.7071068 0 0.7071068 0.4283316 0
11.7855 SecondCar -39.78593 0.025 2.97 0 90 0 0 0.7071068 0 0.7071068 0.4283316 0
11.7870 Head -0.3924083 1.6 7.435185 12.00002 4.050187 2.727649E-08 0.1044634 0.03514361 -0.003693749 0.9939008
11.7870 FirstCar -7.190921 0.025 2.97 0 90 0 0 0.7071068 0 0.7071068 0.4319485 0
11.7870 SecondCar -39.78528 0.025 2.97 0 90 0 0 0.7071068 0 0.7071068 0.4319485 0
11.7885 Head -0.3924083 1.6 7.437159 12.00002 4.050187 2.727649E-08 0.1044634 0.03514361 -0.003693749 0.9939008
11.7885 FirstCar -7.190283 0.025 2.97 0 90 0 0 0.7071068 0 0.7071068 0.4354635 0
11.7885 SecondCar -39.78464 0.025 2.97 0 90 0 0 0.7071068 0 0.7071068 0.4354635 0
11.7898 Head -0.3924083 1.6 7.439078 12.00002 4.050187 2.727649E-08 0.1044634 0.03514361 -0.003693749 0.9939008
11.7898 FirstCar -7.189705 0.025 2.97 0 90 0 0 0.7071068 0 0.7071068 0.4386219 0
11.7898 SecondCar -39.78407 0.025 2.97 0 90 0 0 0.7071068 0 0.7071068 0.4386219 0
11.7911 Head -0.3924083 1.6 7.440802 12.00002 4.050187 2.727649E-08 0.1044634 0.03514361 -0.003693749 0.9939008
11.7911 FirstCar -7.189137 0.025 2.97 0 90 0 0 0.7071068 0 0.7071068 0.44171 0
11.7911 SecondCar -39.7835 0.025 2.97 0 90 0 0 0.7071068 0 0.7071068 0.44171 0
11.7924 Head -0.3924083 1.6 7.442487 12.00002 4.050187 2.727649E-08 0.1044634 0.03514361 -0.003693749 0.9939008
11.7924 FirstCar -7.188577 0.025 2.97 0 90 0 0 0.7071068 0 0.7071068 0.4447299 0
11.7924 SecondCar -39.78294 0.025 2.97 0 90 0 0 0.7071068 0 0.7071068 0.4447299 0
11.7936 Head -0.3924083 1.6 7.444136 12.00002 4.050187 2.727649E-08 0.1044634 0.03514361 -0.003693749 0.9939008
11.7936 FirstCar -7.18802 0.025 2.97 0 90 0 0 0.7071068 0 0.7071068 0.4477143 0
11.7936 SecondCar -39.78238 0.025 2.97 0 90 0 0 0.7071068 0 0.7071068 0.4477143 0
11.7949 Head -0.3924083 1.6 7.445765 12.00002 4.050187 2.727649E-08 0.1044634 0.03514361 -0.003693749 0.9939008
11.7949 FirstCar -7.187439 0.025 2.97 0 90 0 0 0.7071068 0 0.7071068 0.4508098 0
11.7949 SecondCar -39.7818 0.025 2.97 0 90 0 0 0.7071068 0 0.7071068 0.4508098 0
11.7962 Head -0.3924083 1.6 7.447454 12.00002 4.050187 2.727649E-08 0.1044634 0.03514361 -0.003693749 0.9939008
11.7962 FirstCar -7.18683 0.025 2.97 0 90 0 0 0.7071068 0 0.7071068 0.4540323 0
11.7962 SecondCar -39.78119 0.025 2.97 0 90 0 0 0.7071068 0 0.7071068 0.4540323 0
11.7976 Head -0.3924083 1.6 7.449213 12.00002 4.050187 2.727649E-08 0.1044634 0.03514361 -0.003693749 0.9939008
11.7976 FirstCar -7.186229 0.025 2.97 0 90 0 0 0.7071068 0 0.7071068 0.4571847 0
11.7976 SecondCar -39.78059 0.025 2.97 0 90 0 0 0.7071068 0 0.7071068 0.4571847 0
11.7988 Head -0.3924083 1.6 7.450934 12.00002 4.050187 2.727649E-08 0.1044634 0.03514361 -0.003693749 0.9939008
11.7988 FirstCar -7.185647 0.025 2.97 0 90 0 0 0.7071068 0 0.7071068 0.4602238 0
11.7988 SecondCar -39.78001 0.025 2.97 0 90 0 0 0.7071068 0 0.7071068 0.4602238 0
11.8001 Head -0.3924083 1.6 7.452593 12.00002 4.050187 2.727649E-08 0.1044634 0.03514361 -0.003693749 0.9939008
11.8001 FirstCar -7.185063 0.025 2.97 0 90 0 0 0.7071068 0 0.7071068 0.4632444 0
11.8001 SecondCar -39.77942 0.025 2.97 0 90 0 0 0.7071068 0 0.7071068 0.4632444 0
11.8014 Head -0.3924083 1.6 7.454242 12.00002 4.050187 2.727649E-08 0.1044634 0.03514361 -0.003693749 0.9939008
11.8014 FirstCar -7.184458 0.025 2.97 0 90 0 0 0.7071068 0 0.7071068 0.4663599 0
11.8014 SecondCar -39.77882 0.025 2.97 0 90 0 0 0.7071068 0 0.7071068 0.4663599 0
11.8027 Head -0.3924083 1.6 7.455942 12.00002 4.050187 2.727649E-08 0.1044634 0.03514361 -0.003693749 0.9939008
11.8027 FirstCar -7.183818 0.025 2.97 0 90 0 0 0.7071068 0 0.7071068 0.4696292 0
11.8027 SecondCar -39.77818 0.025 2.97 0 90 0 0 0.7071068 0 0.7071068 0.4696292 0
11.8042 Head -0.3924083 1.6 7.457726 12.00002 4.050187 2.727649E-08 0.1044634 0.03514361 -0.003693749 0.9939008
11.8042 FirstCar -7.183111 0.025 2.97 0 90 0 0 0.7071068 0 0.7071068 0.473216 0
11.8042 SecondCar -39.77747 0.025 2.97 0 90 0 0 0.7071068 0 0.7071068 0.473216 0
11.8058 Head -0.3924083 1.6 7.459684 12.00002 4.050187 2.727649E-08 0.1044634 0.03514361 -0.003693749 0.9939008
11.8058 FirstCar -7.182373 0.025 2.97 0 90 0 0 0.7071068 0 0.7071068 0.4769312 0
11.8058 SecondCar -39.77673 0.025 2.97 0 90 0 0 0.7071068 0 0.7071068 0.4769312 0
11.8071 Head -0.3924083 1.6 7.461712 12.00002 4.050187 2.727649E-08 0.1044634 0.03514361 -0.003693749 0.9939008
11.8071 FirstCar -7.181741 0.025 2.97 0 90 0 0 0.7071068 0 0.7071068 0.4800895 0
11.8071 SecondCar -39.7761 0.025 2.97 0 90 0 0 0.7071068 0 0.7071068 0.4800895 0
11.8086 Head -0.3924083 1.6 7.463436 12.00002 4.050187 2.727649E-08 0.1044634 0.03514361 -0.003693749 0.9939008
11.8086 FirstCar -7.181036 0.025 2.97 0 90 0 0 0.7071068 0 0.7071068 0.4835851 0
11.8086 SecondCar -39.77539 0.025 2.97 0 90 0 0 0.7071068 0 0.7071068 0.4835851 0
11.8099 Head -0.3924083 1.6 7.465344 12.00002 4.050187 2.727649E-08 0.1044634 0.03514361 -0.003693749 0.9939008
11.8099 FirstCar -7.180385 0.025 2.97 0 90 0 0 0.7071068 0 0.7071068 0.4867992 0
11.8099 SecondCar -39.77474 0.025 2.97 0 90 0 0 0.7071068 0 0.7071068 0.4867992 0
11.8112 Head -0.3924083 1.6 7.467098 12.00002 4.050187 2.727649E-08 0.1044634 0.03514361 -0.003693749 0.9939008
11.8112 FirstCar -7.179745 0.025 2.97 0 90 0 0 0.7071068 0 0.7071068 0.4899322 0
11.8112 SecondCar -39.7741 0.025 2.97 0 90 0 0 0.7071068 0 0.7071068 0.4899322 0
11.8125 Head -0.3924083 1.6 7.468808 12.00002 4.050187 2.727649E-08 0.1044634 0.03514361 -0.003693749 0.9939008
11.8125 FirstCar -7.179084 0.025 2.97 0 90 0 0 0.7071068 0 0.7071068 0.4931489 0
11.8125 SecondCar -39.77344 0.025 2.97 0 90 0 0 0.7071068 0 0.7071068 0.4931489 0
11.8139 Head -0.3924083 1.6 7.470564 12.00002 4.050187 2.727649E-08 0.1044634 0.03514361 -0.003693749 0.9939008
11.8139 FirstCar -7.17839 0.025 2.97 0 90 0 0 0.7071068 0 0.7071068 0.4965039 0
11.8139 SecondCar -39.77274 0.025 2.97 0 90 0 0 0.7071068 0 0.7071068 0.4965039 0
11.8152 Head -0.3924083 1.6 7.472395 12.00002 4.050187 2.727649E-08 0.1044634 0.03514361 -0.003693749 0.9939008
11.8152 FirstCar -7.177746 0.025 2.97 0 90 0 0 0.7071068 0 0.7071068 0.4995956 0
11.8152 SecondCar -39.7721 0.025 2.97 0 90 0 0 0.7071068 0 0.7071068 0.4995956 0
11.8164 Head -0.3924083 1.6 7.474082 12.00002 4.050187 2.727649E-08 0.1044634 0.03514361 -0.003693749 0.9939008
11.8164 FirstCar -7.177133 0.025 2.97 0 90 0 0 0.7071068 0 0.7071068 0.5025241 0
11.8164 SecondCar -39.77148 0.025 2.97 0 90 0 0 0.7071068 0 0.7071068 0.5025241 0
11.8178 Head -0.3924083 1.6 7.475681 12.00002 4.050187 2.727649E-08 0.1044634 0.03514361 -0.003693749 0.9939008
11.8178 FirstCar -7.176469 0.025 2.97 0 90 0 0 0.7071068 0 0.7071068 0.5056745 0
11.8178 SecondCar -39.77082 0.025 2.97 0 90 0 0 0.7071068 0 0.7071068 0.5056745 0
11.8191 Head -0.3924083 1.6 7.4774 12.00002 4.050187 2.727649E-08 0.1044634 0.03514361 -0.003693749 0.9939008
11.8191 FirstCar -7.175795 0.025 2.97 0 90 0 0 0.7071068 0 0.7071068 0.5088565 0
11.8191 SecondCar -39.77015 0.025 2.97 0 90 0 0 0.7071068 0 0.7071068 0.5088565 0
11.8205 Head -0.3924083 1.6 7.479137 12.00002 4.050187 2.727649E-08 0.1044634 0.03514361 -0.003693749 0.9939008
11.8205 FirstCar -7.175086 0.025 2.97 0 90 0 0 0.7071068 0 0.7071068 0.5121759 0
11.8205 SecondCar -39.76944 0.025 2.97 0 90 0 0 0.7071068 0 0.7071068 0.5121759 0
11.8217 Head -0.3924083 1.6 7.480949 12.00002 4.050187 2.727649E-08 0.1044634 0.03514361 -0.003693749 0.9939008
11.8217 FirstCar -7.174448 0.025 2.97 0 90 0 0 0.7071068 0 0.7071068 0.5151493 0
11.8217 SecondCar -39.7688 0.025 2.97 0 90 0 0 0.7071068 0 0.7071068 0.5151493 0
11.8230 Head -0.3924083 1.6 7.482572 12.00002 4.050187 2.727649E-08 0.1044634 0.03514361 -0.003693749 0.9939008
11.8230 FirstCar -7.173769 0.025 2.97 0 90 0 0 0.7071068 0 0.7071068 0.5182964 0
11.8230 SecondCar -39.76812 0.025 2.97 0 90 0 0 0.7071068 0 0.7071068 0.5182964 0
11.8246 Head -0.3924083 1.6 7.48429 12.00002 4.050187 2.727649E-08 0.1044634 0.03514361 -0.003693749 0.9939008
11.8246 FirstCar -7.172965 0.025 2.97 0 90 0 0 0.7071068 0 0.7071068 0.5219936 0
11.8246 SecondCar -39.76731 0.025 2.97 0 90 0 0 0.7071068 0 0.7071068 0.5219936 0
11.8259 Head -0.3924083 1.6 7.486308 12.00002 4.050187 2.727649E-08 0.1044634 0.03514361 -0.003693749 0.9939008
11.8259 FirstCar -7.172286 0.025 2.97 0 90 0 0 0.7071068 0 0.7071068 0.5250975 0
11.8259 SecondCar -39.76664 0.025 2.97 0 90 0 0 0.7071068 0 0.7071068 0.5250975 0
11.8271 Head -0.3924083 1.6 7.488002 12.00002 4.050187 2.727649E-08 0.1044634 0.03514361 -0.003693749 0.9939008
11.8271 FirstCar -7.171623 0.025 2.97 0 90 0 0 0.7071068 0 0.7071068 0.5281088 0
11.8271 SecondCar -39.76597 0.025 2.97 0 90 0 0 0.7071068 0 0.7071068 0.5281088 0
11.8283 Head -0.3924083 1.6 7.489645 12.00002 4.050187 2.727649E-08 0.1044634 0.03514361 -0.003693749 0.9939008
11.8283 FirstCar -7.170979 0.025 2.97 0 90 0 0 0.7071068 0 0.7071068 0.53102 0
11.8283 SecondCar -39.76533 0.025 2.97 0 90 0 0 0.7071068 0 0.7071068 0.53102 0
11.8295 Head -0.3924083 1.6 7.491234 12.00002 4.050187 2.727649E-08 0.1044634 0.03514361 -0.003693749 0.9939008
11.8295 FirstCar -7.170323 0.025 2.97 0 90 0 0 0.7071068 0 0.7071068 0.533967 0
11.8295 SecondCar -39.76467 0.025 2.97 0 90 0 0 0.7071068 0 0.7071068 0.533967 0
11.8308 Head -0.3924083 1.6 7.492843 12.00002 4.050187 2.727649E-08 0.1044634 0.03514361 -0.003693749 0.9939008
11.8308 FirstCar -7.169636 0.025 2.97 0 90 0 0 0.7071068 0 0.7071068 0.5370356 0
11.8308 SecondCar -39.76398 0.025 2.97 0 90 0 0 0.7071068 0 0.7071068 0.5370356 0
11.8321 Head -0.3924083 1.6 7.494518 12.00002 4.050187 2.727649E-08 0.1044634 0.03514361 -0.003693749 0.9939008
11.8321 FirstCar -7.168934 0.025 2.97 0 90 0 0 0.7071068 0 0.7071068 0.5401535 0
11.8321 SecondCar -39.76328 0.025 2.97 0 90 0 0 0.7071068 0 0.7071068 0.5401535 0
11.8334 Head -0.3924083 1.6 7.49622 12.00002 4.050187 2.727649E-08 0.1044634 0.03514361 -0.003693749 0.9939008
11.8334 FirstCar -7.168216 0.025 2.97 0 90 0 0 0.7071068 0 0.7071068 0.543327 0
11.8334 SecondCar -39.76257 0.025 2.97 0 90 0 0 0.7071068 0 0.7071068 0.543327 0
11.8347 Head -0.3924083 1.6 7.497952 12.00002 4.050187 2.727649E-08 0.1044634 0.03514361 -0.003693749 0.9939008
11.8347 FirstCar -7.16751 0.025 2.97 0 90 0 0 0.7071068 0 0.7071068 0.5464278 0
11.8347 SecondCar -39.76186 0.025 2.97 0 90 0 0 0.7071068 0 0.7071068 0.5464278 0
11.8361 Head -0.3924083 1.6 7.499644 12.00002 4.050187 2.727649E-08 0.1044634 0.03514361 -0.003693749 0.9939008
11.8361 FirstCar -7.16677 0.025 2.97 0 90 0 0 0.7071068 0 0.7071068 0.5496601 0
11.8361 SecondCar -39.76112 0.025 2.97 0 90 0 0 0.7071068 0 0.7071068 0.5496601 0
11.8374 Head -0.3924083 1.6 7.501409 12.00002 4.050187 2.727649E-08 0.1044634 0.03514361 -0.003693749 0.9939008
11.8374 FirstCar -7.166053 0.025 2.97 0 90 0 0 0.7071068 0 0.7071068 0.5527694 0
11.8374 SecondCar -39.7604 0.025 2.97 0 90 0 0 0.7071068 0 0.7071068 0.5527694 0
11.8386 Head -0.3924083 1.6 7.503106 12.00002 4.050187 2.727649E-08 0.1044634 0.03514361 -0.003693749 0.9939008
11.8386 FirstCar -7.16535 0.025 2.97 0 90 0 0 0.7071068 0 0.7071068 0.5558054 0
11.8386 SecondCar -39.7597 0.025 2.97 0 90 0 0 0.7071068 0 0.7071068 0.5558054 0
11.8400 Head -0.3924083 1.6 7.504763 12.00002 4.050187 2.727649E-08 0.1044634 0.03514361 -0.003693749 0.9939008
11.8400 FirstCar -7.164568 0.025 2.97 0 90 0 0 0.7071068 0 0.7071068 0.559163 0
11.8400 SecondCar -39.75892 0.025 2.97 0 90 0 0 0.7071068 0 0.7071068 0.559163 0
11.8414 Head -0.3924083 1.6 7.506595 12.00002 4.050187 2.727649E-08 0.1044634 0.03514361 -0.003693749 0.9939008
11.8414 FirstCar -7.163782 0.025 2.97 0 90 0 0 0.7071068 0 0.7071068 0.562517 0
11.8414 SecondCar -39.75813 0.025 2.97 0 90 0 0 0.7071068 0 0.7071068 0.562517 0
11.8429 Head -0.3924083 1.6 7.508426 12.00002 4.050187 2.727649E-08 0.1044634 0.03514361 -0.003693749 0.9939008
11.8429 FirstCar -7.162971 0.025 2.97 0 90 0 0 0.7071068 0 0.7071068 0.5659569 0
11.8429 SecondCar -39.75732 0.025 2.97 0 90 0 0 0.7071068 0 0.7071068 0.5659569 0
11.8445 Head -0.3924083 1.6 7.510303 12.00002 4.050187 2.727649E-08 0.1044634 0.03514361 -0.003693749 0.9939008
11.8445 FirstCar -7.162028 0.025 2.97 0 90 0 0 0.7071068 0 0.7071068 0.5699275 0
11.8445 SecondCar -39.75638 0.025 2.97 0 90 0 0 0.7071068 0 0.7071068 0.5699275 0
11.8459 Head -0.3924083 1.6 7.512471 12.00002 4.050187 2.727649E-08 0.1044634 0.03514361 -0.003693749 0.9939008
11.8459 FirstCar -7.161246 0.025 2.97 0 90 0 0 0.7071068 0 0.7071068 0.5731989 0
11.8459 SecondCar -39.7556 0.025 2.97 0 90 0 0 0.7071068 0 0.7071068 0.5731989 0
11.8472 Head -0.3924083 1.6 7.514256 12.00002 4.050187 2.727649E-08 0.1044634 0.03514361 -0.003693749 0.9939008
11.8472 FirstCar -7.160492 0.025 2.97 0 90 0 0 0.7071068 0 0.7071068 0.576341 0
11.8472 SecondCar -39.75484 0.025 2.97 0 90 0 0 0.7071068 0 0.7071068 0.576341 0
11.8485 Head -0.3924083 1.6 7.515972 12.00002 4.050187 2.727649E-08 0.1044634 0.03514361 -0.003693749 0.9939008
11.8485 FirstCar -7.159733 0.025 2.97 0 90 0 0 0.7071068 0 0.7071068 0.5794821 0
11.8485 SecondCar -39.75408 0.025 2.97 0 90 0 0 0.7071068 0 0.7071068 0.5794821 0
11.8498 Head -0.3924083 1.6 7.517686 12.00002 4.050187 2.727649E-08 0.1044634 0.03514361 -0.003693749 0.9939008
11.8498 FirstCar -7.158969 0.025 2.97 0 90 0 0 0.7071068 0 0.7071068 0.5826311 0
11.8498 SecondCar -39.75332 0.025 2.97 0 90 0 0 0.7071068 0 0.7071068 0.5826311 0
11.8513 Head -0.3924083 1.6 7.519405 12.00002 4.050187 2.727649E-08 0.1044634 0.03514361 -0.003693749 0.9939008
11.8513 FirstCar -7.158082 0.025 2.97 0 90 0 0 0.7071068 0 0.7071068 0.5862638 0
11.8513 SecondCar -39.75243 0.025 2.97 0 90 0 0 0.7071068 0 0.7071068 0.5862638 0
11.8526 Head -0.3924083 1.6 7.521388 12.00002 4.050187 2.727649E-08 0.1044634 0.03514361 -0.003693749 0.9939008
11.8526 FirstCar -7.157321 0.025 2.97 0 90 0 0 0.7071068 0 0.7071068 0.589359 0
11.8526 SecondCar -39.75167 0.025 2.97 0 90 0 0 0.7071068 0 0.7071068 0.589359 0
11.8539 Head -0.3924083 1.6 7.523077 12.00002 4.050187 2.727649E-08 0.1044634 0.03514361 -0.003693749 0.9939008
11.8539 FirstCar -7.156552 0.025 2.97 0 90 0 0 0.7071068 0 0.7071068 0.5924752 0
11.8539 SecondCar -39.7509 0.025 2.97 0 90 0 0 0.7071068 0 0.7071068 0.5924752 0
11.8553 Head -0.3924083 1.6 7.524778 12.00002 4.050187 2.727649E-08 0.1044634 0.03514361 -0.003693749 0.9939008
11.8553 FirstCar -7.155759 0.025 2.97 0 90 0 0 0.7071068 0 0.7071068 0.59567 0
11.8553 SecondCar -39.75011 0.025 2.97 0 90 0 0 0.7071068 0 0.7071068 0.59567 0
11.8565 Head -0.3924083 1.6 7.526522 12.00002 4.050187 2.727649E-08 0.1044634 0.03514361 -0.003693749 0.9939008
11.8565 FirstCar -7.154998 0.025 2.97 0 90 0 0 0.7071068 0 0.7071068 0.5987234 0
11.8565 SecondCar -39.74934 0.025 2.97 0 90 0 0 0.7071068 0 0.7071068 0.5987234 0
11.8579 Head -0.3924083 1.6 7.528189 12.00002 4.050187 2.727649E-08 0.1044634 0.03514361 -0.003693749 0.9939008
11.8579 FirstCar -7.154171 0.025 2.97 0 90 0 0 0.7071068 0 0.7071068 0.6020204 0
11.8579 SecondCar -39.74852 0.025 2.97 0 90 0 0 0.7071068 0 0.7071068 0.6020204 0
11.8593 Head -0.3924083 1.6 7.529988 12.00002 4.050187 2.727649E-08 0.1044634 0.03514361 -0.003693749 0.9939008
11.8593 FirstCar -7.153336 0.025 2.97 0 90 0 0 0.7071068 0 0.7071068 0.6053327 0
11.8593 SecondCar -39.74768 0.025 2.97 0 90 0 0 0.7071068 0 0.7071068 0.6053327 0
11.8607 Head -0.3924083 1.6 7.531796 12.00002 4.050187 2.727649E-08 0.1044634 0.03514361 -0.003693749 0.9939008
11.8607 FirstCar -7.152497 0.025 2.97 0 90 0 0 0.7071068 0 0.7071068 0.6086375 0
11.8607 SecondCar -39.74684 0.025 2.97 0 90 0 0 0.7071068 0 0.7071068 0.6086375 0
11.8621 Head -0.3924083 1.6 7.5336 12.00002 4.050187 2.727649E-08 0.1044634 0.03514361 -0.003693749 0.9939008
11.8621 FirstCar -7.151637 0.025 2.97 0 90 0 0 0.7071068 0 0.7071068 0.6120114 0
11.8621 SecondCar -39.74598 0.025 2.97 0 90 0 0 0.7071068 0 0.7071068 0.6120114 0
11.8634 Head -0.3924083 1.6 7.535442 12.00002 4.050187 2.727649E-08 0.1044634 0.03514361 -0.003693749 0.9939008
11.8634 FirstCar -7.150838 0.025 2.97 0 90 0 0 0.7071068 0 0.7071068 0.6151285 0
11.8634 SecondCar -39.74518 0.025 2.97 0 90 0 0 0.7071068 0 0.7071068 0.6151285 0
11.8649 Head -0.3924083 1.6 7.537143 12.00002 4.050187 2.727649E-08 0.1044634 0.03514361 -0.003693749 0.9939008
11.8649 FirstCar -7.149862 0.025 2.97 0 90 0 0 0.7071068 0 0.7071068 0.6189128 0
11.8649 SecondCar -39.74421 0.025 2.97 0 90 0 0 0.7071068 0 0.7071068 0.6189128 0
11.8667 Head -0.3924083 1.6 7.539209 12.00002 4.050187 2.727649E-08 0.1044634 0.03514361 -0.003693749 0.9939008
11.8667 FirstCar -7.148788 0.025 2.97 0 90 0 0 0.7071068 0 0.7071068 0.623049 0
11.8667 SecondCar -39.74313 0.025 2.97 0 90 0 0 0.7071068 0 0.7071068 0.623049 0
11.8680 Head -0.3924083 1.6 7.541467 12.00002 4.050187 2.727649E-08 0.1044634 0.03514361 -0.003693749 0.9939008
11.8680 FirstCar -7.147972 0.025 2.97 0 90 0 0 0.7071068 0 0.7071068 0.6261795 0
11.8680 SecondCar -39.74232 0.025 2.97 0 90 0 0 0.7071068 0 0.7071068 0.6261795 0
11.8693 Head -0.3924083 1.6 7.543176 12.00002 4.050187 2.727649E-08 0.1044634 0.03514361 -0.003693749 0.9939008
11.8693 FirstCar -7.147148 0.025 2.97 0 90 0 0 0.7071068 0 0.7071068 0.6293194 0
11.8693 SecondCar -39.74149 0.025 2.97 0 90 0 0 0.7071068 0 0.7071068 0.6293194 0
11.8706 Head -0.3924083 1.6 7.544889 12.00002 4.050187 2.727649E-08 0.1044634 0.03514361 -0.003693749 0.9939008
11.8706 FirstCar -7.146322 0.025 2.97 0 90 0 0 0.7071068 0 0.7071068 0.6324553 0
11.8706 SecondCar -39.74067 0.025 2.97 0 90 0 0 0.7071068 0 0.7071068 0.6324553 0
11.8719 Head -0.3924083 1.6 7.546601 12.00002 4.050187 2.727649E-08 0.1044634 0.03514361 -0.003693749 0.9939008
11.8719 FirstCar -7.145492 0.025 2.97 0 90 0 0 0.7071068 0 0.7071068 0.6355878 0
11.8719 SecondCar -39.73984 0.025 2.97 0 90 0 0 0.7071068 0 0.7071068 0.6355878 0
11.8732 Head -0.3924083 1.6 7.548311 12.00002 4.050187 2.727649E-08 0.1044634 0.03514361 -0.003693749 0.9939008
11.8732 FirstCar -7.144651 0.025 2.97 0 90 0 0 0.7071068 0 0.7071068 0.638749 0
11.8732 SecondCar -39.73899 0.025 2.97 0 90 0 0 0.7071068 0 0.7071068 0.638749 0
11.8745 Head -0.3924083 1.6 7.550037 12.00002 4.050187 2.727649E-08 0.1044634 0.03514361 -0.003693749 0.9939008
11.8745 FirstCar -7.143829 0.025 2.97 0 90 0 0 0.7071068 0 0.7071068 0.6418208 0
11.8745 SecondCar -39.73817 0.025 2.97 0 90 0 0 0.7071068 0 0.7071068 0.6418208 0
11.8758 Head -0.3924083 1.6 7.551713 12.00002 4.050187 2.727649E-08 0.1044634 0.03514361 -0.003693749 0.9939008
11.8758 FirstCar -7.142975 0.025 2.97 0 90 0 0 0.7071068 0 0.7071068 0.6449998 0
11.8758 SecondCar -39.73732 0.025 2.97 0 90 0 0 0.7071068 0 0.7071068 0.6449998 0
11.8772 Head -0.3924083 1.6 7.553449 12.00002 4.050187 2.727649E-08 0.1044634 0.03514361 -0.003693749 0.9939008
11.8772 FirstCar -7.142091 0.025 2.97 0 90 0 0 0.7071068 0 0.7071068 0.6482722 0
11.8772 SecondCar -39.73643 0.025 2.97 0 90 0 0 0.7071068 0 0.7071068 0.6482722 0
11.8785 Head -0.3924083 1.6 7.555235 12.00002 4.050187 2.727649E-08 0.1044634 0.03514361 -0.003693749 0.9939008
11.8785 FirstCar -7.141254 0.025 2.97 0 90 0 0 0.7071068 0 0.7071068 0.6513538 0
11.8785 SecondCar -39.7356 0.025 2.97 0 90 0 0 0.7071068 0 0.7071068 0.6513538 0
11.8798 Head -0.3924083 1.6 7.556917 12.00002 4.050187 2.727649E-08 0.1044634 0.03514361 -0.003693749 0.9939008
11.8798 FirstCar -7.140353 0.025 2.97 0 90 0 0 0.7071068 0 0.7071068 0.6546577 0
11.8798 SecondCar -39.7347 0.025 2.97 0 90 0 0 0.7071068 0 0.7071068 0.6546577 0
11.8812 Head -0.3924083 1.6 7.55872 12.00002 4.050187 2.727649E-08 0.1044634 0.03514361 -0.003693749 0.9939008
11.8812 FirstCar -7.139454 0.025 2.97 0 90 0 0 0.7071068 0 0.7071068 0.6579365 0
11.8812 SecondCar -39.7338 0.025 2.97 0 90 0 0 0.7071068 0 0.7071068 0.6579365 0
11.8825 Head -0.3924083 1.6 7.56051 12.00002 4.050187 2.727649E-08 0.1044634 0.03514361 -0.003693749 0.9939008
11.8825 FirstCar -7.138608 0.025 2.97 0 90 0 0 0.7071068 0 0.7071068 0.6610114 0
11.8825 SecondCar -39.73295 0.025 2.97 0 90 0 0 0.7071068 0 0.7071068 0.6610114 0
11.8839 Head -0.3924083 1.6 7.562188 12.00002 4.050187 2.727649E-08 0.1044634 0.03514361 -0.003693749 0.9939008
11.8839 FirstCar -7.137692 0.025 2.97 0 90 0 0 0.7071068 0 0.7071068 0.6643179 0
11.8839 SecondCar -39.73204 0.025 2.97 0 90 0 0 0.7071068 0 0.7071068 0.6643179 0
11.8854 Head -0.3924083 1.6 7.563993 12.00002 4.050187 2.727649E-08 0.1044634 0.03514361 -0.003693749 0.9939008
11.8854 FirstCar -7.136694 0.025 2.97 0 90 0 0 0.7071068 0 0.7071068 0.6679062 0
11.8854 SecondCar -39.73104 0.025 2.97 0 90 0 0 0.7071068 0 0.7071068 0.6679062 0
11.8866 Head -0.3924083 1.6 7.565951 12.00002 4.050187 2.727649E-08 0.1044634 0.03514361 -0.003693749 0.9939008
11.8866 FirstCar -7.135854 0.025 2.97 0 90 0 0 0.7071068 0 0.7071068 0.6709112 0
11.8866 SecondCar -39.7302 0.025 2.97 0 90 0 0 0.7071068 0 0.7071068 0.6709112 0
11.8879 Head -0.3924083 1.6 7.567592 12.00002 4.050187 2.727649E-08 0.1044634 0.03514361 -0.003693749 0.9939008
11.8879 FirstCar -7.134952 0.025 2.97 0 90 0 0 0.7071068 0 0.7071068 0.674121 0
11.8879 SecondCar -39.7293 0.025 2.97 0 90 0 0 0.7071068 0 0.7071068 0.674121 0
11.8892 Head -0.3924083 1.6 7.569344 12.00002 4.050187 2.727649E-08 0.1044634 0.03514361 -0.003693749 0.9939008
11.8892 FirstCar -7.134087 0.025 2.97 0 90 0 0 0.7071068 0 0.7071068 0.6771867 0
11.8892 SecondCar -39.72843 0.025 2.97 0 90 0 0 0.7071068 0 0.7071068 0.6771867 0
11.8905 Head -0.3924083 1.6 7.571017 12.00002 4.050187 2.727649E-08 0.1044634 0.03514361 -0.003693749 0.9939008
11.8905 FirstCar -7.133189 0.025 2.97 0 90 0 0 0.7071068 0 0.7071068 0.6803554 0
11.8905 SecondCar -39.72754 0.025 2.97 0 90 0 0 0.7071068 0 0.7071068 0.6803554 0
11.8918 Head -0.3924083 1.6 7.572746 12.00002 4.050187 2.727649E-08 0.1044634 0.03514361 -0.003693749 0.9939008
11.8918 FirstCar -7.132308 0.025 2.97 0 90 0 0 0.7071068 0 0.7071068 0.6834486 0
11.8918 SecondCar -39.72665 0.025 2.97 0 90 0 0 0.7071068 0 0.7071068 0.6834486 0
11.8931 Head -0.3924083 1.6 7.574435 12.00002 4.050187 2.727649E-08 0.1044634 0.03514361 -0.003693749 0.9939008
11.8931 FirstCar -7.131459 0.025 2.97 0 90 0 0 0.7071068 0 0.7071068 0.6864173 0
11.8931 SecondCar -39.7258 0.025 2.97 0 90 0 0 0.7071068 0 0.7071068 0.6864173 0
11.8943 Head -0.3924083 1.6 7.576055 12.00002 4.050187 2.727649E-08 0.1044634 0.03514361 -0.003693749 0.9939008
11.8943 FirstCar -7.130585 0.025 2.97 0 90 0 0 0.7071068 0 0.7071068 0.6894581 0
11.8943 SecondCar -39.72493 0.025 2.97 0 90 0 0 0.7071068 0 0.7071068 0.6894581 0
11.8956 Head -0.3924083 1.6 7.577715 12.00002 4.050187 2.727649E-08 0.1044634 0.03514361 -0.003693749 0.9939008
11.8956 FirstCar -7.12974 0.025 2.97 0 90 0 0 0.7071068 0 0.7071068 0.6923892 0
11.8956 SecondCar -39.72408 0.025 2.97 0 90 0 0 0.7071068 0 0.7071068 0.6923892 0
11.8970 Head -0.3924083 1.6 7.579315 12.00002 4.050187 2.727649E-08 0.1044634 0.03514361 -0.003693749 0.9939008
11.8970 FirstCar -7.128708 0.025 2.97 0 90 0 0 0.7071068 0 0.7071068 0.6959468 0
11.8970 SecondCar -39.72305 0.025 2.97 0 90 0 0 0.7071068 0 0.7071068 0.6959468 0
11.8983 Head -0.3924083 1.6 7.581256 12.00002 4.050187 2.727649E-08 0.1044634 0.03514361 -0.003693749 0.9939008
11.8983 FirstCar -7.127853 0.025 2.97 0 90 0 0 0.7071068 0 0.7071068 0.6988832 0
11.8983 SecondCar -39.7222 0.025 2.97 0 90 0 0 0.7071068 0 0.7071068 0.6988832 0
11.8994 Head -0.3924083 1.6 7.582859 12.00002 4.050187 2.727649E-08 0.1044634 0.03514361 -0.003693749 0.9939008
11.8994 FirstCar -7.127035 0.025 2.97 0 90 0 0 0.7071068 0 0.7071068 0.701684 0
11.8994 SecondCar -39.72138 0.025 2.97 0 90 0 0 0.7071068 0 0.7071068 0.701684 0
11.9007 Head -0.3924083 1.6 7.584388 12.00002 4.050187 2.727649E-08 0.1044634 0.03514361 -0.003693749 0.9939008
11.9007 FirstCar -7.126148 0.025 2.97 0 90 0 0 0.7071068 0 0.7071068 0.7047023 0
11.9007 SecondCar -39.72049 0.025 2.97 0 90 0 0 0.7071068 0 0.7071068 0.7047023 0
11.9019 Head -0.3924083 1.6 7.586035 12.00002 4.050187 2.727649E-08 0.1044634 0.03514361 -0.003693749 0.9939008
11.9019 FirstCar -7.12528 0.025 2.97 0 90 0 0 0.7071068 0 0.7071068 0.7076451 0
11.9019 SecondCar -39.71963 0.025 2.97 0 90 0 0 0.7071068 0 0.7071068 0.7076451 0
11.9032 Head -0.3924083 1.6 7.587642 12.00002 4.050187 2.727649E-08 0.1044634 0.03514361 -0.003693749 0.9939008
11.9032 FirstCar -7.124393 0.025 2.97 0 90 0 0 0.7071068 0 0.7071068 0.7106422 0
11.9032 SecondCar -39.71874 0.025 2.97 0 90 0 0 0.7071068 0 0.7071068 0.7106422 0
11.9047 Head -0.3924083 1.6 7.589278 12.00002 4.050187 2.727649E-08 0.1044634 0.03514361 -0.003693749 0.9939008
11.9047 FirstCar -7.123272 0.025 2.97 0 90 0 0 0.7071068 0 0.7071068 0.7144061 0
11.9047 SecondCar -39.71762 0.025 2.97 0 90 0 0 0.7071068 0 0.7071068 0.7144061 0
11.9060 Head -0.3924083 1.6 7.591332 12.00002 4.050187 2.727649E-08 0.1044634 0.03514361 -0.003693749 0.9939008
11.9060 FirstCar -7.122362 0.025 2.97 0 90 0 0 0.7071068 0 0.7071068 0.7174529 0
11.9060 SecondCar -39.71671 0.025 2.97 0 90 0 0 0.7071068 0 0.7071068 0.7174529 0
11.9074 Head -0.3924083 1.6 7.592996 12.00002 4.050187 2.727649E-08 0.1044634 0.03514361 -0.003693749 0.9939008
11.9074 FirstCar -7.121377 0.025 2.97 0 90 0 0 0.7071068 0 0.7071068 0.7207304 0
11.9074 SecondCar -39.71572 0.025 2.97 0 90 0 0 0.7071068 0 0.7071068 0.7207304 0
11.9087 Head -0.3924083 1.6 7.594785 12.00002 4.050187 2.727649E-08 0.1044634 0.03514361 -0.003693749 0.9939008
11.9087 FirstCar -7.120443 0.025 2.97 0 90 0 0 0.7071068 0 0.7071068 0.7238271 0
11.9087 SecondCar -39.71479 0.025 2.97 0 90 0 0 0.7071068 0 0.7071068 0.7238271 0
11.9101 Head -0.3924083 1.6 7.596475 12.00002 4.050187 2.727649E-08 0.1044634 0.03514361 -0.003693749 0.9939008
11.9101 FirstCar -7.119412 0.025 2.97 0 90 0 0 0.7071068 0 0.7071068 0.7272295 0
11.9101 SecondCar -39.71376 0.025 2.97 0 90 0 0 0.7071068 0 0.7071068 0.7272295 0
11.9115 Head -0.3924083 1.6 7.598332 12.00002 4.050187 2.727649E-08 0.1044634 0.03514361 -0.003693749 0.9939008
11.9115 FirstCar -7.118388 0.025 2.97 0 90 0 0 0.7071068 0 0.7071068 0.7305962 0
11.9115 SecondCar -39.71273 0.025 2.97 0 90 0 0 0.7071068 0 0.7071068 0.7305962 0
11.9129 Head -0.3924083 1.6 7.60017 12.00002 4.050187 2.727649E-08 0.1044634 0.03514361 -0.003693749 0.9939008
11.9129 FirstCar -7.117329 0.025 2.97 0 90 0 0 0.7071068 0 0.7071068 0.734058 0
11.9129 SecondCar -39.71167 0.025 2.97 0 90 0 0 0.7071068 0 0.7071068 0.734058 0
11.9143 Head -0.3924083 1.6 7.60206 12.00002 4.050187 2.727649E-08 0.1044634 0.03514361 -0.003693749 0.9939008
11.9143 FirstCar -7.116321 0.025 2.97 0 90 0 0 0.7071068 0 0.7071068 0.7373391 0
11.9143 SecondCar -39.71066 0.025 2.97 0 90 0 0 0.7071068 0 0.7071068 0.7373391 0
11.9155 Head -0.3924083 1.6 7.603851 12.00002 4.050187 2.727649E-08 0.1044634 0.03514361 -0.003693749 0.9939008
11.9155 FirstCar -7.115406 0.025 2.97 0 90 0 0 0.7071068 0 0.7071068 0.7403067 0
11.9155 SecondCar -39.70975 0.025 2.97 0 90 0 0 0.7071068 0 0.7071068 0.7403067 0
11.9168 Head -0.3924083 1.6 7.605471 12.00002 4.050187 2.727649E-08 0.1044634 0.03514361 -0.003693749 0.9939008
11.9168 FirstCar -7.114456 0.025 2.97 0 90 0 0 0.7071068 0 0.7071068 0.7433712 0
11.9168 SecondCar -39.7088 0.025 2.97 0 90 0 0 0.7071068 0 0.7071068 0.7433712 0
11.9180 Head -0.3924083 1.6 7.607143 12.00002 4.050187 2.727649E-08 0.1044634 0.03514361 -0.003693749 0.9939008
11.9180 FirstCar -7.113533 0.025 2.97 0 90 0 0 0.7071068 0 0.7071068 0.7463415 0
11.9180 SecondCar -39.70787 0.025 2.97 0 90 0 0 0.7071068 0 0.7071068 0.7463415 0
11.9193 Head -0.3924083 1.6 7.608765 12.00002 4.050187 2.727649E-08 0.1044634 0.03514361 -0.003693749 0.9939008
11.9193 FirstCar -7.112564 0.025 2.97 0 90 0 0 0.7071068 0 0.7071068 0.7494449 0
11.9193 SecondCar -39.70691 0.025 2.97 0 90 0 0 0.7071068 0 0.7071068 0.7494449 0
11.9206 Head -0.3924083 1.6 7.610458 12.00002 4.050187 2.727649E-08 0.1044634 0.03514361 -0.003693749 0.9939008
11.9206 FirstCar -7.111634 0.025 2.97 0 90 0 0 0.7071068 0 0.7071068 0.7524094 0
11.9206 SecondCar -39.70597 0.025 2.97 0 90 0 0 0.7071068 0 0.7071068 0.7524094 0
11.9218 Head -0.3924083 1.6 7.612076 12.00002 4.050187 2.727649E-08 0.1044634 0.03514361 -0.003693749 0.9939008
11.9218 FirstCar -7.110706 0.025 2.97 0 90 0 0 0.7071068 0 0.7071068 0.7553571 0
11.9218 SecondCar -39.70505 0.025 2.97 0 90 0 0 0.7071068 0 0.7071068 0.7553571 0
11.9231 Head -0.3924083 1.6 7.613685 12.00002 4.050187 2.727649E-08 0.1044634 0.03514361 -0.003693749 0.9939008
11.9231 FirstCar -7.10971 0.025 2.97 0 90 0 0 0.7071068 0 0.7071068 0.7585087 0
11.9231 SecondCar -39.70405 0.025 2.97 0 90 0 0 0.7071068 0 0.7071068 0.7585087 0
11.9248 Head -0.3924083 1.6 7.615406 12.00002 4.050187 2.727649E-08 0.1044634 0.03514361 -0.003693749 0.9939008
11.9248 FirstCar -7.108448 0.025 2.97 0 90 0 0 0.7071068 0 0.7071068 0.7624824 0
11.9248 SecondCar -39.70279 0.025 2.97 0 90 0 0 0.7071068 0 0.7071068 0.7624824 0
11.9261 Head -0.3924083 1.6 7.617575 12.00002 4.050187 2.727649E-08 0.1044634 0.03514361 -0.003693749 0.9939008
11.9261 FirstCar -7.107396 0.025 2.97 0 90 0 0 0.7071068 0 0.7071068 0.7657793 0
11.9261 SecondCar -39.70174 0.025 2.97 0 90 0 0 0.7071068 0 0.7071068 0.7657793 0
11.9277 Head -0.3924083 1.6 7.619374 12.00002 4.050187 2.727649E-08 0.1044634 0.03514361 -0.003693749 0.9939008
11.9277 FirstCar -7.106203 0.025 2.97 0 90 0 0 0.7071068 0 0.7071068 0.7694995 0
11.9277 SecondCar -39.70054 0.025 2.97 0 90 0 0 0.7071068 0 0.7071068 0.7694995 0
11.9291 Head -0.3924083 1.6 7.621405 12.00002 4.050187 2.727649E-08 0.1044634 0.03514361 -0.003693749 0.9939008
11.9291 FirstCar -7.105137 0.025 2.97 0 90 0 0 0.7071068 0 0.7071068 0.7728086 0
11.9291 SecondCar -39.69948 0.025 2.97 0 90 0 0 0.7071068 0 0.7071068 0.7728086 0
11.9306 Head -0.3924083 1.6 7.623211 12.00002 4.050187 2.727649E-08 0.1044634 0.03514361 -0.003693749 0.9939008
11.9306 FirstCar -7.103974 0.025 2.97 0 90 0 0 0.7071068 0 0.7071068 0.7764035 0
11.9306 SecondCar -39.69831 0.025 2.97 0 90 0 0 0.7071068 0 0.7071068 0.7764035 0
11.9319 Head -0.3924083 1.6 7.625174 12.00002 4.050187 2.727649E-08 0.1044634 0.03514361 -0.003693749 0.9939008
11.9319 FirstCar -7.102945 0.025 2.97 0 90 0 0 0.7071068 0 0.7071068 0.7795732 0
11.9319 SecondCar -39.69728 0.025 2.97 0 90 0 0 0.7071068 0 0.7071068 0.7795732 0
11.9333 Head -0.3924083 1.6 7.626904 12.00002 4.050187 2.727649E-08 0.1044634 0.03514361 -0.003693749 0.9939008
11.9333 FirstCar -7.101832 0.025 2.97 0 90 0 0 0.7071068 0 0.7071068 0.7829826 0
11.9333 SecondCar -39.69617 0.025 2.97 0 90 0 0 0.7071068 0 0.7071068 0.7829826 0
11.9349 Head -0.3924083 1.6 7.628765 12.00002 4.050187 2.727649E-08 0.1044634 0.03514361 -0.003693749 0.9939008
11.9349 FirstCar -7.100596 0.025 2.97 0 90 0 0 0.7071068 0 0.7071068 0.7867543 0
11.9349 SecondCar -39.69493 0.025 2.97 0 90 0 0 0.7071068 0 0.7071068 0.7867543 0
11.9362 Head -0.3924083 1.6 7.630823 12.00002 4.050187 2.727649E-08 0.1044634 0.03514361 -0.003693749 0.9939008
11.9362 FirstCar -7.099526 0.025 2.97 0 90 0 0 0.7071068 0 0.7071068 0.7900046 0
11.9362 SecondCar -39.69387 0.025 2.97 0 90 0 0 0.7071068 0 0.7071068 0.7900046 0
11.9376 Head -0.3924083 1.6 7.632597 12.00002 4.050187 2.727649E-08 0.1044634 0.03514361 -0.003693749 0.9939008
11.9376 FirstCar -7.098468 0.025 2.97 0 90 0 0 0.7071068 0 0.7071068 0.793205 0
11.9376 SecondCar -39.69281 0.025 2.97 0 90 0 0 0.7071068 0 0.7071068 0.793205 0
11.9389 Head -0.3924083 1.6 7.634344 12.00002 4.050187 2.727649E-08 0.1044634 0.03514361 -0.003693749 0.9939008
11.9389 FirstCar -7.097411 0.025 2.97 0 90 0 0 0.7071068 0 0.7071068 0.7963919 0
11.9389 SecondCar -39.69175 0.025 2.97 0 90 0 0 0.7071068 0 0.7071068 0.7963919 0
11.9403 Head -0.3924083 1.6 7.636084 12.00002 4.050187 2.727649E-08 0.1044634 0.03514361 -0.003693749 0.9939008
11.9403 FirstCar -7.096277 0.025 2.97 0 90 0 0 0.7071068 0 0.7071068 0.7997934 0
11.9403 SecondCar -39.69062 0.025 2.97 0 90 0 0 0.7071068 0 0.7071068 0.7997934 0
11.9419 Head -0.3924083 1.6 7.63794 12.00002 4.050187 2.727649E-08 0.1044634 0.03514361 -0.003693749 0.9939008
11.9419 FirstCar -7.095031 0.025 2.97 0 90 0 0 0.7071068 0 0.7071068 0.8035163 0
11.9419 SecondCar -39.68937 0.025 2.97 0 90 0 0 0.7071068 0 0.7071068 0.8035163 0
11.9432 Head -0.3924083 1.6 7.639973 12.00002 4.050187 2.727649E-08 0.1044634 0.03514361 -0.003693749 0.9939008
11.9432 FirstCar -7.093944 0.025 2.97 0 90 0 0 0.7071068 0 0.7071068 0.8067508 0
11.9432 SecondCar -39.68829 0.025 2.97 0 90 0 0 0.7071068 0 0.7071068 0.8067508 0
11.9448 Head -0.3924083 1.6 7.641738 12.00002 4.050187 2.727649E-08 0.1044634 0.03514361 -0.003693749 0.9939008
11.9448 FirstCar -7.092629 0.025 2.97 0 90 0 0 0.7071068 0 0.7071068 0.8106424 0
11.9448 SecondCar -39.68697 0.025 2.97 0 90 0 0 0.7071068 0 0.7071068 0.8106424 0
11.9462 Head -0.3924083 1.6 7.643862 12.00002 4.050187 2.727649E-08 0.1044634 0.03514361 -0.003693749 0.9939008
11.9462 FirstCar -7.091544 0.025 2.97 0 90 0 0 0.7071068 0 0.7071068 0.8138421 0
11.9462 SecondCar -39.68589 0.025 2.97 0 90 0 0 0.7071068 0 0.7071068 0.8138421 0
11.9475 Head -0.3924083 1.6 7.645609 12.00002 4.050187 2.727649E-08 0.1044634 0.03514361 -0.003693749 0.9939008
11.9475 FirstCar -7.090487 0.025 2.97 0 90 0 0 0.7071068 0 0.7071068 0.8169494 0
11.9475 SecondCar -39.68483 0.025 2.97 0 90 0 0 0.7071068 0 0.7071068 0.8169494 0
11.9487 Head -0.3924083 1.6 7.647305 12.00002 4.050187 2.727649E-08 0.1044634 0.03514361 -0.003693749 0.9939008
11.9487 FirstCar -7.089475 0.025 2.97 0 90 0 0 0.7071068 0 0.7071068 0.8199098 0
11.9487 SecondCar -39.68382 0.025 2.97 0 90 0 0 0.7071068 0 0.7071068 0.8199098 0
11.9499 Head -0.3924083 1.6 7.648921 12.00002 4.050187 2.727649E-08 0.1044634 0.03514361 -0.003693749 0.9939008
11.9499 FirstCar -7.088501 0.025 2.97 0 90 0 0 0.7071068 0 0.7071068 0.8227507 0
11.9499 SecondCar -39.68285 0.025 2.97 0 90 0 0 0.7071068 0 0.7071068 0.8227507 0
11.9511 Head -0.3924083 1.6 7.650472 12.00002 4.050187 2.727649E-08 0.1044634 0.03514361 -0.003693749 0.9939008
11.9511 FirstCar -7.087471 0.025 2.97 0 90 0 0 0.7071068 0 0.7071068 0.8257442 0
11.9511 SecondCar -39.68182 0.025 2.97 0 90 0 0 0.7071068 0 0.7071068 0.8257442 0
11.9524 Head -0.3924083 1.6 7.652106 12.00002 4.050187 2.727649E-08 0.1044634 0.03514361 -0.003693749 0.9939008
11.9524 FirstCar -7.086431 0.025 2.97 0 90 0 0 0.7071068 0 0.7071068 0.8287579 0
11.9524 SecondCar -39.68077 0.025 2.97 0 90 0 0 0.7071068 0 0.7071068 0.8287579 0
11.9538 Head -0.3924083 1.6 7.653751 12.00002 4.050187 2.727649E-08 0.1044634 0.03514361 -0.003693749 0.9939008
11.9538 FirstCar -7.085267 0.025 2.97 0 90 0 0 0.7071068 0 0.7071068 0.8321157 0
11.9538 SecondCar -39.67961 0.025 2.97 0 90 0 0 0.7071068 0 0.7071068 0.8321157 0
11.9551 Head -0.3924083 1.6 7.655584 12.00002 4.050187 2.727649E-08 0.1044634 0.03514361 -0.003693749 0.9939008
11.9551 FirstCar -7.084142 0.025 2.97 0 90 0 0 0.7071068 0 0.7071068 0.8353478 0
11.9551 SecondCar -39.67849 0.025 2.97 0 90 0 0 0.7071068 0 0.7071068 0.8353478 0
11.9565 Head -0.3924083 1.6 7.657348 12.00002 4.050187 2.727649E-08 0.1044634 0.03514361 -0.003693749 0.9939008
11.9565 FirstCar -7.083025 0.025 2.97 0 90 0 0 0.7071068 0 0.7071068 0.8385431 0
11.9565 SecondCar -39.67737 0.025 2.97 0 90 0 0 0.7071068 0 0.7071068 0.8385431 0
11.9579 Head -0.3924083 1.6 7.659092 12.00002 4.050187 2.727649E-08 0.1044634 0.03514361 -0.003693749 0.9939008
11.9579 FirstCar -7.081766 0.025 2.97 0 90 0 0 0.7071068 0 0.7071068 0.8421321 0
11.9579 SecondCar -39.67611 0.025 2.97 0 90 0 0 0.7071068 0 0.7071068 0.8421321 0
11.9593 Head -0.3924083 1.6 7.661051 12.00002 4.050187 2.727649E-08 0.1044634 0.03514361 -0.003693749 0.9939008
11.9593 FirstCar -7.080607 0.025 2.97 0 90 0 0 0.7071068 0 0.7071068 0.8454227 0
11.9593 SecondCar -39.67495 0.025 2.97 0 90 0 0 0.7071068 0 0.7071068 0.8454227 0
11.9606 Head -0.3924083 1.6 7.662848 12.00002 4.050187 2.727649E-08 0.1044634 0.03514361 -0.003693749 0.9939008
11.9606 FirstCar -7.07948 0.025 2.97 0 90 0 0 0.7071068 0 0.7071068 0.8486109 0
11.9606 SecondCar -39.67382 0.025 2.97 0 90 0 0 0.7071068 0 0.7071068 0.8486109 0
11.9619 Head -0.3924083 1.6 7.664587 12.00002 4.050187 2.727649E-08 0.1044634 0.03514361 -0.003693749 0.9939008
11.9619 FirstCar -7.078424 0.025 2.97 0 90 0 0 0.7071068 0 0.7071068 0.8515874 0
11.9619 SecondCar -39.67276 0.025 2.97 0 90 0 0 0.7071068 0 0.7071068 0.8515874 0
11.9631 Head -0.3924083 1.6 7.666212 12.00002 4.050187 2.727649E-08 0.1044634 0.03514361 -0.003693749 0.9939008
11.9631 FirstCar -7.077354 0.025 2.97 0 90 0 0 0.7071068 0 0.7071068 0.8545893 0
11.9631 SecondCar -39.6717 0.025 2.97 0 90 0 0 0.7071068 0 0.7071068 0.8545893 0
11.9646 Head -0.3924083 1.6 7.66785 12.00002 4.050187 2.727649E-08 0.1044634 0.03514361 -0.003693749 0.9939008
11.9646 FirstCar -7.076085 0.025 2.97 0 90 0 0 0.7071068 0 0.7071068 0.8581396 0
11.9646 SecondCar -39.67043 0.025 2.97 0 90 0 0 0.7071068 0 0.7071068 0.8581396 0
11.9659 Head -0.3924083 1.6 7.669788 12.00002 4.050187 2.727649E-08 0.1044634 0.03514361 -0.003693749 0.9939008
11.9659 FirstCar -7.075025 0.025 2.97 0 90 0 0 0.7071068 0 0.7071068 0.8610959 0
11.9659 SecondCar -39.66936 0.025 2.97 0 90 0 0 0.7071068 0 0.7071068 0.8610959 0
11.9672 Head -0.3924083 1.6 7.671402 12.00002 4.050187 2.727649E-08 0.1044634 0.03514361 -0.003693749 0.9939008
11.9672 FirstCar -7.073865 0.025 2.97 0 90 0 0 0.7071068 0 0.7071068 0.8643165 0
11.9672 SecondCar -39.66821 0.025 2.97 0 90 0 0 0.7071068 0 0.7071068 0.8643165 0
11.9685 Head -0.3924083 1.6 7.67316 12.00002 4.050187 2.727649E-08 0.1044634 0.03514361 -0.003693749 0.9939008
11.9685 FirstCar -7.072747 0.025 2.97 0 90 0 0 0.7071068 0 0.7071068 0.8674098 0
11.9685 SecondCar -39.66709 0.025 2.97 0 90 0 0 0.7071068 0 0.7071068 0.8674098 0
11.9699 Head -0.3924083 1.6 7.674849 12.00002 4.050187 2.727649E-08 0.1044634 0.03514361 -0.003693749 0.9939008
11.9699 FirstCar -7.071521 0.025 2.97 0 90 0 0 0.7071068 0 0.7071068 0.8707876 0
11.9699 SecondCar -39.66586 0.025 2.97 0 90 0 0 0.7071068 0 0.7071068 0.8707876 0
11.9712 Head -0.3924083 1.6 7.676692 12.00002 4.050187 2.727649E-08 0.1044634 0.03514361 -0.003693749 0.9939008
11.9712 FirstCar -7.070381 0.025 2.97 0 90 0 0 0.7071068 0 0.7071068 0.8739184 0
11.9712 SecondCar -39.66472 0.025 2.97 0 90 0 0 0.7071068 0 0.7071068 0.8739184 0
11.9730 Head -0.3924083 1.6 7.678401 12.00002 4.050187 2.727649E-08 0.1044634 0.03514361 -0.003693749 0.9939008
11.9730 FirstCar -7.068816 0.025 2.97 0 90 0 0 0.7071068 0 0.7071068 0.8781961 0
11.9730 SecondCar -39.66316 0.025 2.97 0 90 0 0 0.7071068 0 0.7071068 0.8781961 0
11.9744 Head -0.3924083 1.6 7.680737 12.00002 4.050187 2.727649E-08 0.1044634 0.03514361 -0.003693749 0.9939008
11.9744 FirstCar -7.067557 0.025 2.97 0 90 0 0 0.7071068 0 0.7071068 0.8816212 0
11.9744 SecondCar -39.6619 0.025 2.97 0 90 0 0 0.7071068 0 0.7071068 0.8816212 0
11.9758 Head -0.3924083 1.6 7.682606 12.00002 4.050187 2.727649E-08 0.1044634 0.03514361 -0.003693749 0.9939008
11.9758 FirstCar -7.066313 0.025 2.97 0 90 0 0 0.7071068 0 0.7071068 0.8849949 0
11.9758 SecondCar -39.66066 0.025 2.97 0 90 0 0 0.7071068 0 0.7071068 0.8849949 0
11.9774 Head -0.3924083 1.6 7.684448 12.00002 4.050187 2.727649E-08 0.1044634 0.03514361 -0.003693749 0.9939008
11.9774 FirstCar -7.064928 0.025 2.97 0 90 0 0 0.7071068 0 0.7071068 0.8887367 0
11.9774 SecondCar -39.65927 0.025 2.97 0 90 0 0 0.7071068 0 0.7071068 0.8887367 0
11.9787 Head -0.3924083 1.6 7.68649 12.00002 4.050187 2.727649E-08 0.1044634 0.03514361 -0.003693749 0.9939008
11.9787 FirstCar -7.063704 0.025 2.97 0 90 0 0 0.7071068 0 0.7071068 0.8920293 0
11.9787 SecondCar -39.65805 0.025 2.97 0 90 0 0 0.7071068 0 0.7071068 0.8920293 0
11.9800 Head -0.3924083 1.6 7.688287 12.00002 4.050187 2.727649E-08 0.1044634 0.03514361 -0.003693749 0.9939008
11.9800 FirstCar -7.062558 0.025 2.97 0 90 0 0 0.7071068 0 0.7071068 0.8951018 0
11.9800 SecondCar -39.6569 0.025 2.97 0 90 0 0 0.7071068 0 0.7071068 0.8951018 0
11.9813 Head -0.3924083 1.6 7.689964 12.00002 4.050187 2.727649E-08 0.1044634 0.03514361 -0.003693749 0.9939008
11.9813 FirstCar -7.061381 0.025 2.97 0 90 0 0 0.7071068 0 0.7071068 0.8982472 0
11.9813 SecondCar -39.65572 0.025 2.97 0 90 0 0 0.7071068 0 0.7071068 0.8982472 0
11.9826 Head -0.3924083 1.6 7.691681 12.00002 4.050187 2.727649E-08 0.1044634 0.03514361 -0.003693749 0.9939008
11.9826 FirstCar -7.060216 0.025 2.97 0 90 0 0 0.7071068 0 0.7071068 0.9013485 0
11.9826 SecondCar -39.65456 0.025 2.97 0 90 0 0 0.7071068 0 0.7071068 0.9013485 0
11.9839 Head -0.3924083 1.6 7.693374 12.00002 4.050187 2.727649E-08 0.1044634 0.03514361 -0.003693749 0.9939008
11.9839 FirstCar -7.05902 0.025 2.97 0 90 0 0 0.7071068 0 0.7071068 0.9045233 0
11.9839 SecondCar -39.65336 0.025 2.97 0 90 0 0 0.7071068 0 0.7071068 0.9045233 0
11.9856 Head -0.3924083 1.6 7.695107 12.00002 4.050187 2.727649E-08 0.1044634 0.03514361 -0.003693749 0.9939008
11.9856 FirstCar -7.057518 0.025 2.97 0 90 0 0 0.7071068 0 0.7071068 0.9084883 0
11.9856 SecondCar -39.65186 0.025 2.97 0 90 0 0 0.7071068 0 0.7071068 0.9084883 0
11.9870 Head -0.3924083 1.6 7.697271 12.00002 4.050187 2.727649E-08 0.1044634 0.03514361 -0.003693749 0.9939008
11.9870 FirstCar -7.05622 0.025 2.97 0 90 0 0 0.7071068 0 0.7071068 0.9119059 0
11.9870 SecondCar -39.65057 0.025 2.97 0 90 0 0 0.7071068 0 0.7071068 0.9119059 0
11.9884 Head -0.3924083 1.6 7.699137 12.00002 4.050187 2.727649E-08 0.1044634 0.03514361 -0.003693749 0.9939008
11.9884 FirstCar -7.054988 0.025 2.97 0 90 0 0 0.7071068 0 0.7071068 0.915136 0
11.9884 SecondCar -39.64933 0.025 2.97 0 90 0 0 0.7071068 0 0.7071068 0.915136 0
11.9896 Other FirstCar destroyed
11.9896 Other SecondCar destroyed
